Opened,Open,High,Low,Close,Volume
2020-03-31 21:32:00,39.17000000,39.18000000,39.16000000,39.16000000,86.22677000
2020-03-31 21:33:00,39.16000000,39.20000000,39.16000000,39.20000000,143.11148000
2020-03-31 21:34:00,39.19000000,39.21000000,39.17000000,39.18000000,109.59000000
2020-03-31 21:35:00,39.19000000,39.23000000,39.19000000,39.21000000,422.84251000
2020-03-31 21:36:00,39.21000000,39.24000000,39.21000000,39.22000000,119.40545000
2020-03-31 21:37:00,39.21000000,39.26000000,39.21000000,39.26000000,274.12881000
2020-03-31 21:38:00,39.23000000,39.25000000,39.21000000,39.23000000,199.81219000
2020-03-31 21:39:00,39.22000000,39.24000000,39.11000000,39.11000000,2218.30042000
2020-03-31 21:40:00,39.11000000,39.14000000,39.11000000,39.11000000,336.28371000
2020-03-31 21:41:00,39.11000000,39.15000000,39.09000000,39.09000000,512.65472000
2020-03-31 21:42:00,39.10000000,39.12000000,39.07000000,39.11000000,97.82723000
2020-03-31 21:43:00,39.08000000,39.10000000,39.05000000,39.06000000,235.77241000
2020-03-31 21:44:00,39.05000000,39.06000000,39.03000000,39.05000000,327.34442000
2020-03-31 21:45:00,39.05000000,39.11000000,39.03000000,39.09000000,1025.53827000
2020-03-31 21:46:00,39.09000000,39.11000000,39.00000000,39.04000000,941.83633000
2020-03-31 21:47:00,39.04000000,39.09000000,39.03000000,39.08000000,268.33907000
2020-03-31 21:48:00,39.08000000,39.19000000,39.06000000,39.18000000,781.33223000
2020-03-31 21:49:00,39.17000000,39.23000000,39.15000000,39.15000000,538.67626000
2020-03-31 21:50:00,39.15000000,39.19000000,39.15000000,39.18000000,389.12722000
2020-03-31 21:51:00,39.18000000,39.21000000,39.12000000,39.17000000,284.74369000
2020-03-31 21:52:00,39.16000000,39.20000000,39.15000000,39.19000000,148.30076000
2020-03-31 21:53:00,39.20000000,39.22000000,39.20000000,39.22000000,30.22990000
2020-03-31 21:54:00,39.22000000,39.22000000,39.20000000,39.21000000,19.97563000
2020-03-31 21:55:00,39.22000000,39.25000000,39.20000000,39.25000000,67.90238000
2020-03-31 21:56:00,39.25000000,39.28000000,39.24000000,39.27000000,327.62911000
2020-03-31 21:57:00,39.28000000,39.28000000,39.23000000,39.25000000,116.97819000
2020-03-31 21:58:00,39.26000000,39.26000000,39.24000000,39.26000000,41.45782000
2020-03-31 21:59:00,39.26000000,39.26000000,39.23000000,39.25000000,57.88502000
2020-03-31 22:00:00,39.25000000,39.30000000,39.22000000,39.22000000,554.23577000
2020-03-31 22:01:00,39.23000000,39.28000000,39.23000000,39.23000000,391.86893000
2020-03-31 22:02:00,39.23000000,39.28000000,39.23000000,39.26000000,191.82392000
2020-03-31 22:03:00,39.27000000,39.30000000,39.26000000,39.28000000,247.14222000
2020-03-31 22:04:00,39.28000000,39.30000000,39.25000000,39.27000000,228.42290000
2020-03-31 22:05:00,39.28000000,39.28000000,39.22000000,39.26000000,486.45455000
2020-03-31 22:06:00,39.28000000,39.28000000,39.22000000,39.22000000,182.01544000
2020-03-31 22:07:00,39.23000000,39.25000000,39.23000000,39.25000000,9.68268000
2020-03-31 22:08:00,39.25000000,39.25000000,39.20000000,39.21000000,189.15000000
2020-03-31 22:09:00,39.20000000,39.21000000,39.11000000,39.12000000,178.43785000
2020-03-31 22:10:00,39.13000000,39.14000000,39.11000000,39.14000000,87.10864000
2020-03-31 22:11:00,39.14000000,39.15000000,39.11000000,39.12000000,15.12639000
2020-03-31 22:12:00,39.12000000,39.13000000,39.09000000,39.09000000,50.74388000
2020-03-31 22:13:00,39.09000000,39.15000000,39.07000000,39.14000000,162.57365000
2020-03-31 22:14:00,39.13000000,39.17000000,39.12000000,39.17000000,79.65182000
2020-03-31 22:15:00,39.16000000,39.21000000,39.15000000,39.21000000,196.85314000
2020-03-31 22:16:00,39.20000000,39.24000000,39.19000000,39.24000000,60.62078000
2020-03-31 22:17:00,39.24000000,39.24000000,39.21000000,39.21000000,49.42086000
2020-03-31 22:18:00,39.22000000,39.27000000,39.22000000,39.25000000,131.63193000
2020-03-31 22:19:00,39.24000000,39.27000000,39.23000000,39.25000000,39.21563000
2020-03-31 22:20:00,39.27000000,39.28000000,39.22000000,39.22000000,147.59099000
2020-03-31 22:21:00,39.23000000,39.23000000,39.18000000,39.18000000,192.06959000
2020-03-31 22:22:00,39.19000000,39.20000000,39.18000000,39.18000000,42.80705000
2020-03-31 22:23:00,39.18000000,39.18000000,39.14000000,39.17000000,44.09988000
2020-03-31 22:24:00,39.15000000,39.16000000,39.14000000,39.15000000,44.68269000
2020-03-31 22:25:00,39.14000000,39.14000000,39.10000000,39.10000000,65.92064000
2020-03-31 22:26:00,39.11000000,39.13000000,39.09000000,39.09000000,48.15548000
2020-03-31 22:27:00,39.10000000,39.11000000,39.07000000,39.07000000,49.19276000
2020-03-31 22:28:00,39.10000000,39.11000000,39.07000000,39.07000000,186.42621000
2020-03-31 22:29:00,39.07000000,39.11000000,39.07000000,39.11000000,62.07448000
2020-03-31 22:30:00,39.10000000,39.10000000,39.04000000,39.05000000,109.56474000
2020-03-31 22:31:00,39.07000000,39.07000000,39.02000000,39.03000000,300.48733000
2020-03-31 22:32:00,39.04000000,39.07000000,39.02000000,39.05000000,142.00598000
2020-03-31 22:33:00,39.05000000,39.08000000,39.03000000,39.06000000,97.28845000
2020-03-31 22:34:00,39.06000000,39.16000000,39.06000000,39.14000000,661.09301000
2020-03-31 22:35:00,39.15000000,39.18000000,39.15000000,39.15000000,202.29665000
2020-03-31 22:36:00,39.15000000,39.20000000,39.15000000,39.16000000,127.29955000
2020-03-31 22:37:00,39.18000000,39.19000000,39.15000000,39.19000000,61.30510000
2020-03-31 22:38:00,39.17000000,39.18000000,39.16000000,39.17000000,17.76885000
2020-03-31 22:39:00,39.17000000,39.17000000,39.14000000,39.14000000,132.74163000
2020-03-31 22:40:00,39.13000000,39.14000000,39.07000000,39.07000000,454.15515000
2020-03-31 22:41:00,39.07000000,39.07000000,39.05000000,39.06000000,89.84907000
2020-03-31 22:42:00,39.06000000,39.08000000,39.04000000,39.04000000,84.24670000
2020-03-31 22:43:00,39.04000000,39.07000000,39.04000000,39.05000000,42.11275000
2020-03-31 22:44:00,39.05000000,39.07000000,39.04000000,39.07000000,34.29317000
2020-03-31 22:45:00,39.06000000,39.06000000,39.04000000,39.05000000,410.12182000
2020-03-31 22:46:00,39.06000000,39.10000000,39.05000000,39.09000000,196.42182000
2020-03-31 22:47:00,39.09000000,39.14000000,39.08000000,39.14000000,206.73678000
2020-03-31 22:48:00,39.14000000,39.15000000,39.12000000,39.14000000,58.07712000
2020-03-31 22:49:00,39.14000000,39.20000000,39.10000000,39.18000000,517.15816000
2020-03-31 22:50:00,39.20000000,39.22000000,39.19000000,39.20000000,115.98990000
2020-03-31 22:51:00,39.20000000,39.22000000,39.13000000,39.22000000,706.02457000
2020-03-31 22:52:00,39.21000000,39.21000000,39.16000000,39.19000000,288.03005000
2020-03-31 22:53:00,39.18000000,39.18000000,39.17000000,39.18000000,3.27718000
2020-03-31 22:54:00,39.18000000,39.24000000,39.18000000,39.18000000,627.64428000
2020-03-31 22:55:00,39.21000000,39.21000000,39.14000000,39.18000000,275.36593000
2020-03-31 22:56:00,39.17000000,39.20000000,39.16000000,39.16000000,142.94644000
2020-03-31 22:57:00,39.19000000,39.23000000,39.17000000,39.20000000,441.21405000
2020-03-31 22:58:00,39.19000000,39.19000000,39.15000000,39.19000000,160.35349000
2020-03-31 22:59:00,39.19000000,39.19000000,39.16000000,39.19000000,63.55475000
2020-03-31 23:00:00,39.19000000,39.24000000,39.18000000,39.24000000,508.89495000
2020-03-31 23:01:00,39.24000000,39.25000000,39.20000000,39.24000000,514.55895000
2020-03-31 23:02:00,39.23000000,39.25000000,39.20000000,39.25000000,429.60956000
2020-03-31 23:03:00,39.25000000,39.29000000,39.23000000,39.28000000,717.44807000
2020-03-31 23:04:00,39.28000000,39.28000000,39.22000000,39.24000000,420.15105000
2020-03-31 23:05:00,39.26000000,39.29000000,39.24000000,39.24000000,161.10952000
2020-03-31 23:06:00,39.24000000,39.24000000,39.18000000,39.20000000,678.65472000
2020-03-31 23:07:00,39.21000000,39.24000000,39.18000000,39.24000000,135.19284000
2020-03-31 23:08:00,39.23000000,39.26000000,39.22000000,39.22000000,153.12385000
2020-03-31 23:09:00,39.22000000,39.26000000,39.22000000,39.23000000,103.71859000
2020-03-31 23:10:00,39.23000000,39.24000000,39.19000000,39.21000000,207.78495000
2020-03-31 23:11:00,39.21000000,39.24000000,39.21000000,39.22000000,290.21220000
2020-03-31 23:12:00,39.20000000,39.21000000,39.18000000,39.19000000,223.69198000
2020-03-31 23:13:00,39.19000000,39.24000000,39.17000000,39.22000000,282.43175000
2020-03-31 23:14:00,39.24000000,39.26000000,39.22000000,39.26000000,627.11787000
2020-03-31 23:15:00,39.26000000,39.29000000,39.22000000,39.23000000,259.20938000
2020-03-31 23:16:00,39.22000000,39.29000000,39.22000000,39.26000000,119.05303000
2020-03-31 23:17:00,39.26000000,39.29000000,39.22000000,39.22000000,210.09865000
2020-03-31 23:18:00,39.22000000,39.22000000,39.15000000,39.15000000,631.37396000
2020-03-31 23:19:00,39.17000000,39.22000000,39.17000000,39.21000000,352.47300000
2020-03-31 23:20:00,39.21000000,39.22000000,39.14000000,39.16000000,183.85840000
2020-03-31 23:21:00,39.15000000,39.17000000,39.14000000,39.15000000,72.39769000
2020-03-31 23:22:00,39.14000000,39.14000000,39.10000000,39.12000000,288.95802000
2020-03-31 23:23:00,39.12000000,39.15000000,39.12000000,39.12000000,123.59519000
2020-03-31 23:24:00,39.11000000,39.16000000,39.11000000,39.15000000,85.71701000
2020-03-31 23:25:00,39.11000000,39.13000000,39.10000000,39.11000000,71.73344000
2020-03-31 23:26:00,39.11000000,39.11000000,39.08000000,39.11000000,344.80519000
2020-03-31 23:27:00,39.12000000,39.12000000,39.08000000,39.08000000,78.75931000
2020-03-31 23:28:00,39.10000000,39.11000000,39.08000000,39.10000000,69.61705000
2020-03-31 23:29:00,39.08000000,39.14000000,39.07000000,39.14000000,226.50973000
2020-03-31 23:30:00,39.14000000,39.19000000,39.13000000,39.19000000,429.05846000
2020-03-31 23:31:00,39.19000000,39.20000000,39.13000000,39.17000000,168.26665000
2020-03-31 23:32:00,39.18000000,39.19000000,39.16000000,39.18000000,55.45176000
2020-03-31 23:33:00,39.19000000,39.23000000,39.19000000,39.19000000,211.09599000
2020-03-31 23:34:00,39.19000000,39.22000000,39.17000000,39.19000000,635.00598000
2020-03-31 23:35:00,39.19000000,39.22000000,39.18000000,39.21000000,54.53637000
2020-03-31 23:36:00,39.22000000,39.23000000,39.20000000,39.21000000,15.31427000
2020-03-31 23:37:00,39.21000000,39.26000000,39.20000000,39.26000000,281.63834000
2020-03-31 23:38:00,39.27000000,39.28000000,39.18000000,39.23000000,601.45606000
2020-03-31 23:39:00,39.23000000,39.24000000,39.20000000,39.22000000,13.96375000
2020-03-31 23:40:00,39.22000000,39.25000000,39.19000000,39.20000000,57.31049000
2020-03-31 23:41:00,39.19000000,39.24000000,39.19000000,39.23000000,65.58937000
2020-03-31 23:42:00,39.23000000,39.23000000,39.21000000,39.22000000,23.30009000
2020-03-31 23:43:00,39.23000000,39.29000000,39.23000000,39.27000000,426.13135000
2020-03-31 23:44:00,39.28000000,39.30000000,39.28000000,39.29000000,147.55854000
2020-03-31 23:45:00,39.26000000,39.29000000,39.26000000,39.27000000,48.92547000
2020-03-31 23:46:00,39.27000000,39.29000000,39.22000000,39.23000000,341.46688000
2020-03-31 23:47:00,39.24000000,39.27000000,39.23000000,39.26000000,39.91606000
2020-03-31 23:48:00,39.26000000,39.28000000,39.25000000,39.27000000,7.35942000
2020-03-31 23:49:00,39.25000000,39.30000000,39.23000000,39.29000000,34.62651000
2020-03-31 23:50:00,39.29000000,39.31000000,39.27000000,39.28000000,153.82812000
2020-03-31 23:51:00,39.29000000,39.30000000,39.25000000,39.25000000,88.00569000
2020-03-31 23:52:00,39.26000000,39.26000000,39.22000000,39.25000000,89.34186000
2020-03-31 23:53:00,39.23000000,39.28000000,39.23000000,39.28000000,56.70529000
2020-03-31 23:54:00,39.28000000,39.29000000,39.25000000,39.28000000,1.99901000
2020-03-31 23:55:00,39.25000000,39.26000000,39.21000000,39.21000000,465.47409000
2020-03-31 23:56:00,39.21000000,39.25000000,39.15000000,39.15000000,505.77091000
2020-03-31 23:57:00,39.16000000,39.16000000,39.11000000,39.11000000,52.28955000
2020-03-31 23:58:00,39.11000000,39.14000000,39.10000000,39.10000000,259.59168000
2020-03-31 23:59:00,39.09000000,39.09000000,39.06000000,39.08000000,183.97485000
2020-04-01 00:00:00,39.07000000,39.14000000,39.06000000,39.11000000,166.83534000
2020-04-01 00:01:00,39.12000000,39.15000000,39.10000000,39.12000000,251.21067000
2020-04-01 00:02:00,39.12000000,39.15000000,39.12000000,39.14000000,27.66884000
2020-04-01 00:03:00,39.14000000,39.18000000,39.13000000,39.15000000,192.68870000
2020-04-01 00:04:00,39.15000000,39.15000000,39.11000000,39.12000000,21.10920000
2020-04-01 00:05:00,39.12000000,39.15000000,39.12000000,39.15000000,89.90300000
2020-04-01 00:06:00,39.15000000,39.16000000,39.15000000,39.15000000,53.65538000
2020-04-01 00:07:00,39.16000000,39.16000000,39.08000000,39.08000000,732.49123000
2020-04-01 00:08:00,39.09000000,39.11000000,39.06000000,39.08000000,301.36839000
2020-04-01 00:09:00,39.10000000,39.12000000,39.07000000,39.08000000,157.46748000
2020-04-01 00:10:00,39.08000000,39.11000000,39.08000000,39.10000000,142.01237000
2020-04-01 00:11:00,39.10000000,39.10000000,39.07000000,39.07000000,255.00610000
2020-04-01 00:12:00,39.07000000,39.07000000,39.01000000,39.01000000,407.33206000
2020-04-01 00:13:00,39.01000000,39.06000000,39.00000000,39.01000000,203.51421000
2020-04-01 00:14:00,39.01000000,39.02000000,38.85000000,38.94000000,2060.71933000
2020-04-01 00:15:00,38.94000000,38.99000000,38.86000000,38.92000000,841.28055000
2020-04-01 00:16:00,38.94000000,38.97000000,38.85000000,38.90000000,588.13281000
2020-04-01 00:17:00,38.90000000,38.91000000,38.77000000,38.85000000,1836.06321000
2020-04-01 00:18:00,38.83000000,38.90000000,38.72000000,38.75000000,1086.75128000
2020-04-01 00:19:00,38.77000000,38.79000000,38.66000000,38.68000000,2729.76811000
2020-04-01 00:20:00,38.69000000,38.81000000,38.66000000,38.81000000,838.23798000
2020-04-01 00:21:00,38.80000000,38.82000000,38.76000000,38.82000000,451.50177000
2020-04-01 00:22:00,38.79000000,38.80000000,38.74000000,38.74000000,284.61200000
2020-04-01 00:23:00,38.72000000,38.76000000,38.68000000,38.68000000,391.42550000
2020-04-01 00:24:00,38.67000000,38.67000000,38.59000000,38.59000000,1160.06747000
2020-04-01 00:25:00,38.59000000,38.66000000,38.55000000,38.65000000,700.85708000
2020-04-01 00:26:00,38.66000000,38.67000000,38.60000000,38.62000000,1504.98589000
2020-04-01 00:27:00,38.61000000,38.62000000,38.55000000,38.58000000,277.20754000
2020-04-01 00:28:00,38.59000000,38.61000000,38.57000000,38.57000000,194.74350000
2020-04-01 00:29:00,38.57000000,38.58000000,38.51000000,38.51000000,434.87653000
2020-04-01 00:30:00,38.51000000,38.53000000,38.40000000,38.50000000,4338.22787000
2020-04-01 00:31:00,38.50000000,38.62000000,38.49000000,38.53000000,1306.28759000
2020-04-01 00:32:00,38.56000000,38.59000000,38.52000000,38.59000000,319.45225000
2020-04-01 00:33:00,38.59000000,38.61000000,38.58000000,38.60000000,184.77874000
2020-04-01 00:34:00,38.61000000,38.63000000,38.58000000,38.60000000,238.40203000
2020-04-01 00:35:00,38.60000000,38.60000000,38.50000000,38.55000000,696.99236000
2020-04-01 00:36:00,38.53000000,38.53000000,38.44000000,38.45000000,567.48799000
2020-04-01 00:37:00,38.46000000,38.50000000,38.46000000,38.46000000,266.55292000
2020-04-01 00:38:00,38.46000000,38.55000000,38.45000000,38.51000000,700.41718000
2020-04-01 00:39:00,38.52000000,38.60000000,38.51000000,38.60000000,546.97359000
2020-04-01 00:40:00,38.59000000,38.59000000,38.55000000,38.56000000,363.03883000
2020-04-01 00:41:00,38.56000000,38.60000000,38.53000000,38.59000000,278.10616000
2020-04-01 00:42:00,38.56000000,38.64000000,38.52000000,38.61000000,609.75619000
2020-04-01 00:43:00,38.61000000,38.62000000,38.57000000,38.61000000,236.10420000
2020-04-01 00:44:00,38.61000000,38.61000000,38.57000000,38.61000000,34.78483000
2020-04-01 00:45:00,38.58000000,38.58000000,38.51000000,38.58000000,1012.18915000
2020-04-01 00:46:00,38.57000000,38.73000000,38.57000000,38.71000000,1359.06065000
2020-04-01 00:47:00,38.71000000,38.75000000,38.67000000,38.69000000,991.16314000
2020-04-01 00:48:00,38.68000000,38.73000000,38.66000000,38.72000000,647.70570000
2020-04-01 00:49:00,38.71000000,38.72000000,38.66000000,38.70000000,330.02879000
2020-04-01 00:50:00,38.71000000,38.77000000,38.69000000,38.77000000,253.69977000
2020-04-01 00:51:00,38.76000000,38.76000000,38.70000000,38.71000000,108.19930000
2020-04-01 00:52:00,38.71000000,38.73000000,38.69000000,38.71000000,87.06188000
2020-04-01 00:53:00,38.71000000,38.72000000,38.70000000,38.72000000,125.48061000
2020-04-01 00:54:00,38.71000000,38.73000000,38.71000000,38.73000000,16.51353000
2020-04-01 00:55:00,38.72000000,38.77000000,38.70000000,38.77000000,173.10486000
2020-04-01 00:56:00,38.76000000,38.83000000,38.75000000,38.82000000,348.27267000
2020-04-01 00:57:00,38.81000000,38.82000000,38.78000000,38.79000000,59.12825000
2020-04-01 00:58:00,38.82000000,38.83000000,38.74000000,38.75000000,238.08553000
2020-04-01 00:59:00,38.75000000,38.75000000,38.70000000,38.71000000,321.07512000
2020-04-01 01:00:00,38.71000000,38.75000000,38.71000000,38.72000000,165.14220000
2020-04-01 01:01:00,38.71000000,38.73000000,38.69000000,38.70000000,46.54581000
2020-04-01 01:02:00,38.71000000,38.77000000,38.71000000,38.77000000,282.73928000
2020-04-01 01:03:00,38.76000000,38.82000000,38.76000000,38.80000000,177.71740000
2020-04-01 01:04:00,38.81000000,38.85000000,38.80000000,38.80000000,262.04703000
2020-04-01 01:05:00,38.81000000,38.81000000,38.80000000,38.81000000,45.41313000
2020-04-01 01:06:00,38.81000000,38.81000000,38.74000000,38.75000000,556.43787000
2020-04-01 01:07:00,38.75000000,38.79000000,38.72000000,38.72000000,231.60827000
2020-04-01 01:08:00,38.72000000,38.72000000,38.71000000,38.72000000,22.74311000
2020-04-01 01:09:00,38.72000000,38.72000000,38.63000000,38.66000000,419.95080000
2020-04-01 01:10:00,38.67000000,38.67000000,38.62000000,38.64000000,238.70935000
2020-04-01 01:11:00,38.64000000,38.67000000,38.61000000,38.67000000,59.67517000
2020-04-01 01:12:00,38.65000000,38.70000000,38.64000000,38.69000000,245.63046000
2020-04-01 01:13:00,38.70000000,38.71000000,38.70000000,38.70000000,172.47005000
2020-04-01 01:14:00,38.70000000,38.73000000,38.66000000,38.66000000,401.90654000
2020-04-01 01:15:00,38.67000000,38.71000000,38.66000000,38.68000000,224.82297000
2020-04-01 01:16:00,38.66000000,38.68000000,38.64000000,38.64000000,111.51672000
2020-04-01 01:17:00,38.64000000,38.71000000,38.64000000,38.68000000,303.30648000
2020-04-01 01:18:00,38.68000000,38.68000000,38.64000000,38.65000000,72.04553000
2020-04-01 01:19:00,38.64000000,38.69000000,38.64000000,38.68000000,29.46624000
2020-04-01 01:20:00,38.69000000,38.69000000,38.66000000,38.66000000,17.06973000
2020-04-01 01:21:00,38.68000000,38.73000000,38.67000000,38.70000000,241.89129000
2020-04-01 01:22:00,38.73000000,38.74000000,38.72000000,38.73000000,67.00865000
2020-04-01 01:23:00,38.73000000,38.73000000,38.68000000,38.70000000,359.83316000
2020-04-01 01:24:00,38.70000000,38.72000000,38.67000000,38.67000000,350.27945000
2020-04-01 01:25:00,38.68000000,38.70000000,38.67000000,38.70000000,79.70779000
2020-04-01 01:26:00,38.67000000,38.68000000,38.64000000,38.65000000,305.45576000
2020-04-01 01:27:00,38.65000000,38.65000000,38.59000000,38.60000000,60.63254000
2020-04-01 01:28:00,38.62000000,38.66000000,38.62000000,38.65000000,295.22880000
2020-04-01 01:29:00,38.65000000,38.69000000,38.63000000,38.66000000,144.08813000
2020-04-01 01:30:00,38.65000000,38.65000000,38.63000000,38.65000000,34.13375000
2020-04-01 01:31:00,38.65000000,38.66000000,38.61000000,38.61000000,31.04150000
2020-04-01 01:32:00,38.62000000,38.63000000,38.61000000,38.61000000,1.80481000
2020-04-01 01:33:00,38.63000000,38.64000000,38.60000000,38.61000000,98.05243000
2020-04-01 01:34:00,38.62000000,38.67000000,38.62000000,38.67000000,136.25963000
2020-04-01 01:35:00,38.68000000,38.68000000,38.65000000,38.66000000,36.27659000
2020-04-01 01:36:00,38.67000000,38.67000000,38.63000000,38.66000000,108.71687000
2020-04-01 01:37:00,38.66000000,38.66000000,38.62000000,38.63000000,19.52529000
2020-04-01 01:38:00,38.62000000,38.65000000,38.60000000,38.62000000,80.80209000
2020-04-01 01:39:00,38.62000000,38.63000000,38.60000000,38.61000000,64.45257000
2020-04-01 01:40:00,38.61000000,38.61000000,38.57000000,38.61000000,343.19491000
2020-04-01 01:41:00,38.61000000,38.62000000,38.55000000,38.55000000,93.14770000
2020-04-01 01:42:00,38.55000000,38.62000000,38.55000000,38.62000000,251.51976000
2020-04-01 01:43:00,38.62000000,38.64000000,38.59000000,38.62000000,127.85767000
2020-04-01 01:44:00,38.63000000,38.64000000,38.59000000,38.59000000,112.51159000
2020-04-01 01:45:00,38.60000000,38.64000000,38.59000000,38.64000000,51.20953000
2020-04-01 01:46:00,38.63000000,38.68000000,38.62000000,38.68000000,178.15091000
2020-04-01 01:47:00,38.66000000,38.71000000,38.66000000,38.68000000,632.83599000
2020-04-01 01:48:00,38.68000000,38.71000000,38.65000000,38.65000000,98.87242000
2020-04-01 01:49:00,38.65000000,38.69000000,38.62000000,38.63000000,195.92162000
2020-04-01 01:50:00,38.64000000,38.67000000,38.63000000,38.67000000,12.96930000
2020-04-01 01:51:00,38.66000000,38.66000000,38.63000000,38.65000000,41.73667000
2020-04-01 01:52:00,38.64000000,38.65000000,38.59000000,38.59000000,546.05967000
2020-04-01 01:53:00,38.61000000,38.66000000,38.59000000,38.64000000,231.90633000
2020-04-01 01:54:00,38.64000000,38.64000000,38.56000000,38.57000000,82.53465000
2020-04-01 01:55:00,38.56000000,38.57000000,38.53000000,38.55000000,71.82915000
2020-04-01 01:56:00,38.54000000,38.58000000,38.54000000,38.58000000,113.96323000
2020-04-01 01:57:00,38.59000000,38.59000000,38.53000000,38.55000000,23.47068000
2020-04-01 01:58:00,38.55000000,38.62000000,38.55000000,38.58000000,394.10244000
2020-04-01 01:59:00,38.58000000,38.59000000,38.55000000,38.57000000,137.80725000
2020-04-01 02:00:00,38.56000000,38.60000000,38.55000000,38.57000000,82.35339000
2020-04-01 02:01:00,38.57000000,38.62000000,38.57000000,38.61000000,74.13772000
2020-04-01 02:02:00,38.60000000,38.63000000,38.59000000,38.62000000,85.96283000
2020-04-01 02:03:00,38.63000000,38.63000000,38.59000000,38.61000000,360.67218000
2020-04-01 02:04:00,38.61000000,38.65000000,38.61000000,38.65000000,36.69978000
2020-04-01 02:05:00,38.64000000,38.67000000,38.62000000,38.66000000,94.85158000
2020-04-01 02:06:00,38.64000000,38.65000000,38.64000000,38.64000000,1.85905000
2020-04-01 02:07:00,38.64000000,38.66000000,38.62000000,38.64000000,32.66366000
2020-04-01 02:08:00,38.63000000,38.64000000,38.57000000,38.60000000,916.14333000
2020-04-01 02:09:00,38.60000000,38.64000000,38.58000000,38.62000000,847.27436000
2020-04-01 02:10:00,38.63000000,38.64000000,38.59000000,38.62000000,100.49904000
2020-04-01 02:11:00,38.60000000,38.62000000,38.59000000,38.62000000,71.74002000
2020-04-01 02:12:00,38.59000000,38.67000000,38.59000000,38.67000000,156.78882000
2020-04-01 02:13:00,38.66000000,38.66000000,38.61000000,38.63000000,250.27130000
2020-04-01 02:14:00,38.63000000,38.65000000,38.62000000,38.65000000,39.34249000
2020-04-01 02:15:00,38.65000000,38.65000000,38.64000000,38.65000000,42.05817000
2020-04-01 02:16:00,38.65000000,38.70000000,38.65000000,38.69000000,6.91207000
2020-04-01 02:17:00,38.70000000,38.72000000,38.69000000,38.70000000,26.68142000
2020-04-01 02:18:00,38.73000000,38.73000000,38.67000000,38.68000000,206.11523000
2020-04-01 02:19:00,38.68000000,38.71000000,38.67000000,38.71000000,36.96549000
2020-04-01 02:20:00,38.71000000,38.71000000,38.69000000,38.71000000,18.60093000
2020-04-01 02:21:00,38.71000000,38.73000000,38.70000000,38.70000000,55.88939000
2020-04-01 02:22:00,38.72000000,38.74000000,38.72000000,38.72000000,15.31825000
2020-04-01 02:23:00,38.73000000,38.74000000,38.71000000,38.71000000,60.70480000
2020-04-01 02:24:00,38.74000000,38.80000000,38.71000000,38.77000000,654.54621000
2020-04-01 02:25:00,38.79000000,38.82000000,38.76000000,38.82000000,485.51233000
2020-04-01 02:26:00,38.82000000,38.82000000,38.78000000,38.79000000,162.85587000
2020-04-01 02:27:00,38.79000000,38.81000000,38.79000000,38.80000000,42.63905000
2020-04-01 02:28:00,38.79000000,38.82000000,38.79000000,38.82000000,26.43614000
2020-04-01 02:29:00,38.81000000,38.82000000,38.74000000,38.77000000,280.02405000
2020-04-01 02:30:00,38.77000000,38.79000000,38.75000000,38.76000000,250.37941000
2020-04-01 02:31:00,38.76000000,38.81000000,38.75000000,38.79000000,155.43735000
2020-04-01 02:32:00,38.78000000,38.81000000,38.76000000,38.78000000,56.47125000
2020-04-01 02:33:00,38.77000000,38.78000000,38.74000000,38.77000000,64.05704000
2020-04-01 02:34:00,38.77000000,38.79000000,38.74000000,38.76000000,336.23351000
2020-04-01 02:35:00,38.76000000,38.76000000,38.71000000,38.73000000,70.12302000
2020-04-01 02:36:00,38.70000000,38.72000000,38.69000000,38.71000000,49.36787000
2020-04-01 02:37:00,38.71000000,38.71000000,38.70000000,38.70000000,1.78919000
2020-04-01 02:38:00,38.71000000,38.72000000,38.71000000,38.72000000,27.13552000
2020-04-01 02:39:00,38.72000000,38.72000000,38.69000000,38.69000000,36.52320000
2020-04-01 02:40:00,38.68000000,38.69000000,38.64000000,38.68000000,821.72842000
2020-04-01 02:41:00,38.66000000,38.68000000,38.65000000,38.67000000,110.19438000
2020-04-01 02:42:00,38.66000000,38.72000000,38.66000000,38.69000000,439.68005000
2020-04-01 02:43:00,38.68000000,38.70000000,38.66000000,38.69000000,207.40994000
2020-04-01 02:44:00,38.70000000,38.70000000,38.66000000,38.67000000,45.00508000
2020-04-01 02:45:00,38.68000000,38.71000000,38.67000000,38.68000000,127.92119000
2020-04-01 02:46:00,38.68000000,38.70000000,38.67000000,38.69000000,39.92708000
2020-04-01 02:47:00,38.69000000,38.70000000,38.69000000,38.69000000,9.98115000
2020-04-01 02:48:00,38.69000000,38.74000000,38.69000000,38.73000000,19.65435000
2020-04-01 02:49:00,38.72000000,38.74000000,38.70000000,38.70000000,106.19300000
2020-04-01 02:50:00,38.71000000,38.72000000,38.70000000,38.72000000,70.67233000
2020-04-01 02:51:00,38.73000000,38.73000000,38.69000000,38.70000000,105.14537000
2020-04-01 02:52:00,38.71000000,38.74000000,38.68000000,38.73000000,128.57922000
2020-04-01 02:53:00,38.74000000,38.74000000,38.71000000,38.74000000,67.21281000
2020-04-01 02:54:00,38.73000000,38.73000000,38.68000000,38.68000000,90.52599000
2020-04-01 02:55:00,38.67000000,38.72000000,38.67000000,38.69000000,71.94459000
2020-04-01 02:56:00,38.69000000,38.70000000,38.68000000,38.69000000,19.35665000
2020-04-01 02:57:00,38.67000000,38.70000000,38.66000000,38.66000000,53.94921000
2020-04-01 02:58:00,38.69000000,38.73000000,38.68000000,38.72000000,289.39017000
2020-04-01 02:59:00,38.69000000,38.74000000,38.69000000,38.74000000,51.36432000
2020-04-01 03:00:00,38.72000000,38.72000000,38.69000000,38.71000000,147.53378000
2020-04-01 03:01:00,38.70000000,38.71000000,38.67000000,38.70000000,96.30308000
2020-04-01 03:02:00,38.71000000,38.71000000,38.65000000,38.68000000,11.48950000
2020-04-01 03:03:00,38.68000000,38.69000000,38.66000000,38.69000000,2.40198000
2020-04-01 03:04:00,38.69000000,38.73000000,38.69000000,38.73000000,165.67874000
2020-04-01 03:05:00,38.73000000,38.76000000,38.72000000,38.76000000,109.18710000
2020-04-01 03:06:00,38.76000000,38.81000000,38.76000000,38.81000000,196.25661000
2020-04-01 03:07:00,38.81000000,38.88000000,38.81000000,38.85000000,578.03794000
2020-04-01 03:08:00,38.85000000,38.85000000,38.82000000,38.85000000,358.56985000
2020-04-01 03:09:00,38.85000000,38.86000000,38.84000000,38.86000000,22.15694000
2020-04-01 03:10:00,38.87000000,38.88000000,38.85000000,38.88000000,66.80581000
2020-04-01 03:11:00,38.88000000,38.89000000,38.84000000,38.88000000,132.68918000
2020-04-01 03:12:00,38.88000000,38.89000000,38.85000000,38.88000000,221.88046000
2020-04-01 03:13:00,38.86000000,38.88000000,38.85000000,38.85000000,423.01323000
2020-04-01 03:14:00,38.88000000,38.89000000,38.78000000,38.78000000,527.57932000
2020-04-01 03:15:00,38.77000000,38.79000000,38.76000000,38.77000000,62.53012000
2020-04-01 03:16:00,38.76000000,38.83000000,38.76000000,38.83000000,187.92942000
2020-04-01 03:17:00,38.83000000,38.83000000,38.78000000,38.78000000,96.73358000
2020-04-01 03:18:00,38.79000000,38.80000000,38.77000000,38.80000000,27.10511000
2020-04-01 03:19:00,38.77000000,38.79000000,38.77000000,38.79000000,16.99827000
2020-04-01 03:20:00,38.79000000,38.79000000,38.76000000,38.79000000,31.77417000
2020-04-01 03:21:00,38.79000000,38.81000000,38.79000000,38.81000000,10.50537000
2020-04-01 03:22:00,38.81000000,38.82000000,38.78000000,38.81000000,56.02842000
2020-04-01 03:23:00,38.81000000,38.82000000,38.81000000,38.82000000,8.60187000
2020-04-01 03:24:00,38.82000000,38.83000000,38.81000000,38.83000000,76.69851000
2020-04-01 03:25:00,38.82000000,38.82000000,38.81000000,38.82000000,45.70695000
2020-04-01 03:26:00,38.82000000,38.83000000,38.79000000,38.80000000,90.92522000
2020-04-01 03:27:00,38.81000000,38.81000000,38.80000000,38.81000000,11.55196000
2020-04-01 03:28:00,38.81000000,38.81000000,38.80000000,38.80000000,22.62188000
2020-04-01 03:29:00,38.80000000,38.81000000,38.76000000,38.78000000,141.14321000
2020-04-01 03:30:00,38.78000000,38.78000000,38.75000000,38.78000000,4.01364000
2020-04-01 03:31:00,38.77000000,38.77000000,38.72000000,38.75000000,176.24257000
2020-04-01 03:32:00,38.75000000,38.78000000,38.72000000,38.78000000,228.42446000
2020-04-01 03:33:00,38.75000000,38.78000000,38.75000000,38.76000000,124.75735000
2020-04-01 03:34:00,38.77000000,38.79000000,38.76000000,38.79000000,28.68362000
2020-04-01 03:35:00,38.78000000,38.79000000,38.77000000,38.78000000,2.80143000
2020-04-01 03:36:00,38.77000000,38.79000000,38.76000000,38.77000000,29.55167000
2020-04-01 03:37:00,38.78000000,38.79000000,38.75000000,38.75000000,122.92912000
2020-04-01 03:38:00,38.76000000,38.79000000,38.76000000,38.78000000,53.87774000
2020-04-01 03:39:00,38.78000000,38.78000000,38.74000000,38.76000000,116.94249000
2020-04-01 03:40:00,38.76000000,38.76000000,38.74000000,38.74000000,8.82118000
2020-04-01 03:41:00,38.76000000,38.80000000,38.76000000,38.78000000,565.84161000
2020-04-01 03:42:00,38.78000000,38.79000000,38.78000000,38.79000000,8.99733000
2020-04-01 03:43:00,38.79000000,38.81000000,38.77000000,38.77000000,125.01619000
2020-04-01 03:44:00,38.77000000,38.79000000,38.77000000,38.79000000,2.10541000
2020-04-01 03:45:00,38.80000000,38.82000000,38.79000000,38.79000000,50.98567000
2020-04-01 03:46:00,38.80000000,38.80000000,38.80000000,38.80000000,1.79743000
2020-04-01 03:47:00,38.80000000,38.80000000,38.74000000,38.76000000,686.97614000
2020-04-01 03:48:00,38.76000000,38.76000000,38.71000000,38.72000000,134.36398000
2020-04-01 03:49:00,38.71000000,38.76000000,38.71000000,38.76000000,62.60902000
2020-04-01 03:50:00,38.77000000,38.78000000,38.71000000,38.72000000,45.57483000
2020-04-01 03:51:00,38.72000000,38.75000000,38.72000000,38.74000000,4.92475000
2020-04-01 03:52:00,38.72000000,38.76000000,38.71000000,38.74000000,94.79429000
2020-04-01 03:53:00,38.74000000,38.74000000,38.73000000,38.74000000,34.07130000
2020-04-01 03:54:00,38.74000000,38.75000000,38.74000000,38.75000000,6.60730000
2020-04-01 03:55:00,38.75000000,38.80000000,38.74000000,38.80000000,725.53185000
2020-04-01 03:56:00,38.80000000,38.85000000,38.80000000,38.85000000,301.06480000
2020-04-01 03:57:00,38.85000000,38.86000000,38.82000000,38.86000000,62.88074000
2020-04-01 03:58:00,38.85000000,38.85000000,38.79000000,38.80000000,120.12971000
2020-04-01 03:59:00,38.82000000,38.82000000,38.78000000,38.79000000,89.85756000
2020-04-01 04:00:00,38.80000000,38.84000000,38.79000000,38.83000000,110.54090000
2020-04-01 04:01:00,38.81000000,38.81000000,38.76000000,38.78000000,168.74786000
2020-04-01 04:02:00,38.78000000,38.79000000,38.75000000,38.76000000,140.12110000
2020-04-01 04:03:00,38.76000000,38.77000000,38.74000000,38.75000000,119.82566000
2020-04-01 04:04:00,38.73000000,38.76000000,38.70000000,38.75000000,811.40905000
2020-04-01 04:05:00,38.76000000,38.76000000,38.71000000,38.75000000,366.91202000
2020-04-01 04:06:00,38.75000000,38.75000000,38.73000000,38.74000000,92.65605000
2020-04-01 04:07:00,38.74000000,38.77000000,38.72000000,38.74000000,287.73352000
2020-04-01 04:08:00,38.74000000,38.74000000,38.72000000,38.73000000,65.19661000
2020-04-01 04:09:00,38.73000000,38.78000000,38.72000000,38.77000000,235.66836000
2020-04-01 04:10:00,38.77000000,38.78000000,38.76000000,38.78000000,55.50677000
2020-04-01 04:11:00,38.79000000,38.80000000,38.78000000,38.80000000,177.81053000
2020-04-01 04:12:00,38.80000000,38.82000000,38.76000000,38.82000000,522.52376000
2020-04-01 04:13:00,38.79000000,38.84000000,38.79000000,38.82000000,436.81624000
2020-04-01 04:14:00,38.84000000,38.84000000,38.80000000,38.80000000,92.24305000
2020-04-01 04:15:00,38.81000000,38.82000000,38.78000000,38.80000000,215.27574000
2020-04-01 04:16:00,38.80000000,38.81000000,38.77000000,38.78000000,298.27702000
2020-04-01 04:17:00,38.78000000,38.80000000,38.77000000,38.80000000,22.04749000
2020-04-01 04:18:00,38.80000000,38.81000000,38.78000000,38.81000000,7.85365000
2020-04-01 04:19:00,38.82000000,38.82000000,38.79000000,38.81000000,11.74930000
2020-04-01 04:20:00,38.82000000,38.85000000,38.82000000,38.82000000,292.09032000
2020-04-01 04:21:00,38.81000000,38.83000000,38.80000000,38.83000000,12.13997000
2020-04-01 04:22:00,38.81000000,38.85000000,38.81000000,38.85000000,67.40054000
2020-04-01 04:23:00,38.85000000,38.85000000,38.83000000,38.84000000,10.80504000
2020-04-01 04:24:00,38.83000000,38.84000000,38.82000000,38.84000000,9.52234000
2020-04-01 04:25:00,38.83000000,38.84000000,38.83000000,38.84000000,2.04495000
2020-04-01 04:26:00,38.83000000,38.84000000,38.80000000,38.80000000,117.41682000
2020-04-01 04:27:00,38.82000000,38.83000000,38.79000000,38.81000000,32.95328000
2020-04-01 04:28:00,38.81000000,38.83000000,38.81000000,38.83000000,61.70640000
2020-04-01 04:29:00,38.82000000,38.83000000,38.80000000,38.80000000,14.48229000
2020-04-01 04:30:00,38.82000000,38.82000000,38.76000000,38.78000000,309.21236000
2020-04-01 04:31:00,38.77000000,38.81000000,38.75000000,38.77000000,203.92021000
2020-04-01 04:32:00,38.78000000,38.78000000,38.76000000,38.76000000,10.79471000
2020-04-01 04:33:00,38.76000000,38.80000000,38.75000000,38.80000000,371.26725000
2020-04-01 04:34:00,38.79000000,38.80000000,38.76000000,38.78000000,31.36864000
2020-04-01 04:35:00,38.80000000,38.80000000,38.78000000,38.79000000,2.43439000
2020-04-01 04:36:00,38.79000000,38.79000000,38.77000000,38.77000000,4.43887000
2020-04-01 04:37:00,38.76000000,38.78000000,38.76000000,38.77000000,23.00181000
2020-04-01 04:38:00,38.79000000,38.79000000,38.78000000,38.79000000,2.16346000
2020-04-01 04:39:00,38.78000000,38.79000000,38.77000000,38.78000000,1.83493000
2020-04-01 04:40:00,38.78000000,38.80000000,38.77000000,38.77000000,42.95907000
2020-04-01 04:41:00,38.77000000,38.77000000,38.70000000,38.71000000,649.43391000
2020-04-01 04:42:00,38.72000000,38.74000000,38.68000000,38.73000000,622.14863000
2020-04-01 04:43:00,38.73000000,38.75000000,38.70000000,38.70000000,58.31403000
2020-04-01 04:44:00,38.70000000,38.72000000,38.70000000,38.70000000,15.58332000
2020-04-01 04:45:00,38.70000000,38.71000000,38.67000000,38.69000000,744.79101000
2020-04-01 04:46:00,38.69000000,38.72000000,38.68000000,38.69000000,23.44112000
2020-04-01 04:47:00,38.69000000,38.71000000,38.69000000,38.69000000,55.44381000
2020-04-01 04:48:00,38.69000000,38.71000000,38.68000000,38.68000000,4.33923000
2020-04-01 04:49:00,38.68000000,38.70000000,38.68000000,38.68000000,46.25867000
2020-04-01 04:50:00,38.69000000,38.70000000,38.68000000,38.69000000,14.42279000
2020-04-01 04:51:00,38.71000000,38.71000000,38.67000000,38.68000000,180.60744000
2020-04-01 04:52:00,38.68000000,38.68000000,38.66000000,38.66000000,2.10965000
2020-04-01 04:53:00,38.67000000,38.68000000,38.66000000,38.67000000,2.31418000
2020-04-01 04:54:00,38.69000000,38.73000000,38.69000000,38.71000000,480.35801000
2020-04-01 04:55:00,38.72000000,38.73000000,38.70000000,38.71000000,11.70144000
2020-04-01 04:56:00,38.70000000,38.71000000,38.68000000,38.69000000,393.69378000
2020-04-01 04:57:00,38.70000000,38.72000000,38.69000000,38.71000000,2.69042000
2020-04-01 04:58:00,38.71000000,38.74000000,38.71000000,38.73000000,34.82988000
2020-04-01 04:59:00,38.73000000,38.74000000,38.69000000,38.72000000,34.86853000
2020-04-01 05:00:00,38.72000000,38.72000000,38.67000000,38.68000000,76.45841000
2020-04-01 05:01:00,38.72000000,38.72000000,38.66000000,38.66000000,52.43425000
2020-04-01 05:02:00,38.66000000,38.68000000,38.65000000,38.65000000,219.73143000
2020-04-01 05:03:00,38.65000000,38.66000000,38.63000000,38.65000000,104.96558000
2020-04-01 05:04:00,38.64000000,38.67000000,38.64000000,38.64000000,11.48962000
2020-04-01 05:05:00,38.66000000,38.66000000,38.63000000,38.66000000,17.64164000
2020-04-01 05:06:00,38.65000000,38.66000000,38.63000000,38.63000000,5.30397000
2020-04-01 05:07:00,38.63000000,38.67000000,38.61000000,38.63000000,590.10134000
2020-04-01 05:08:00,38.61000000,38.64000000,38.57000000,38.57000000,773.62376000
2020-04-01 05:09:00,38.58000000,38.59000000,38.54000000,38.54000000,482.79305000
2020-04-01 05:10:00,38.54000000,38.62000000,38.54000000,38.62000000,1608.62754000
2020-04-01 05:11:00,38.61000000,38.62000000,38.59000000,38.60000000,166.84125000
2020-04-01 05:12:00,38.60000000,38.62000000,38.58000000,38.62000000,389.62890000
2020-04-01 05:13:00,38.62000000,38.68000000,38.62000000,38.65000000,913.57276000
2020-04-01 05:14:00,38.66000000,38.66000000,38.63000000,38.63000000,135.57885000
2020-04-01 05:15:00,38.64000000,38.65000000,38.60000000,38.62000000,62.53425000
2020-04-01 05:16:00,38.62000000,38.62000000,38.58000000,38.59000000,168.83090000
2020-04-01 05:17:00,38.59000000,38.61000000,38.58000000,38.60000000,24.04115000
2020-04-01 05:18:00,38.59000000,38.61000000,38.59000000,38.61000000,1.80903000
2020-04-01 05:19:00,38.61000000,38.64000000,38.60000000,38.61000000,350.13844000
2020-04-01 05:20:00,38.61000000,38.62000000,38.59000000,38.61000000,19.36474000
2020-04-01 05:21:00,38.61000000,38.63000000,38.58000000,38.63000000,32.34078000
2020-04-01 05:22:00,38.62000000,38.64000000,38.61000000,38.64000000,63.22356000
2020-04-01 05:23:00,38.64000000,38.64000000,38.62000000,38.64000000,40.27516000
2020-04-01 05:24:00,38.64000000,38.65000000,38.64000000,38.65000000,0.88498000
2020-04-01 05:25:00,38.65000000,38.65000000,38.60000000,38.64000000,187.29187000
2020-04-01 05:26:00,38.64000000,38.69000000,38.64000000,38.69000000,395.11911000
2020-04-01 05:27:00,38.68000000,38.70000000,38.68000000,38.70000000,19.55324000
2020-04-01 05:28:00,38.70000000,38.70000000,38.63000000,38.66000000,508.17286000
2020-04-01 05:29:00,38.67000000,38.67000000,38.65000000,38.66000000,17.27732000
2020-04-01 05:30:00,38.67000000,38.71000000,38.67000000,38.67000000,340.24366000
2020-04-01 05:31:00,38.66000000,38.67000000,38.64000000,38.67000000,646.85171000
2020-04-01 05:32:00,38.67000000,38.70000000,38.64000000,38.64000000,73.73799000
2020-04-01 05:33:00,38.66000000,38.70000000,38.65000000,38.65000000,143.90913000
2020-04-01 05:34:00,38.65000000,38.66000000,38.60000000,38.62000000,43.57293000
2020-04-01 05:35:00,38.62000000,38.63000000,38.60000000,38.60000000,109.64731000
2020-04-01 05:36:00,38.61000000,38.65000000,38.59000000,38.59000000,380.45729000
2020-04-01 05:37:00,38.60000000,38.62000000,38.60000000,38.61000000,41.81028000
2020-04-01 05:38:00,38.61000000,38.62000000,38.58000000,38.60000000,100.27592000
2020-04-01 05:39:00,38.57000000,38.62000000,38.57000000,38.57000000,162.84386000
2020-04-01 05:40:00,38.59000000,38.61000000,38.57000000,38.61000000,195.48696000
2020-04-01 05:41:00,38.61000000,38.61000000,38.57000000,38.59000000,66.90754000
2020-04-01 05:42:00,38.60000000,38.64000000,38.57000000,38.62000000,770.24140000
2020-04-01 05:43:00,38.62000000,38.62000000,38.58000000,38.60000000,38.61756000
2020-04-01 05:44:00,38.58000000,38.63000000,38.57000000,38.63000000,91.80511000
2020-04-01 05:45:00,38.62000000,38.64000000,38.60000000,38.60000000,345.91234000
2020-04-01 05:46:00,38.60000000,38.63000000,38.57000000,38.61000000,75.07858000
2020-04-01 05:47:00,38.62000000,38.64000000,38.61000000,38.64000000,29.86109000
2020-04-01 05:48:00,38.64000000,38.66000000,38.60000000,38.60000000,125.97018000
2020-04-01 05:49:00,38.61000000,38.61000000,38.55000000,38.56000000,697.93197000
2020-04-01 05:50:00,38.56000000,38.62000000,38.56000000,38.58000000,143.69041000
2020-04-01 05:51:00,38.58000000,38.59000000,38.57000000,38.57000000,63.76354000
2020-04-01 05:52:00,38.57000000,38.57000000,38.51000000,38.51000000,495.80470000
2020-04-01 05:53:00,38.54000000,38.58000000,38.52000000,38.57000000,320.78025000
2020-04-01 05:54:00,38.57000000,38.57000000,38.54000000,38.57000000,42.06891000
2020-04-01 05:55:00,38.55000000,38.56000000,38.54000000,38.55000000,52.03663000
2020-04-01 05:56:00,38.55000000,38.57000000,38.55000000,38.56000000,124.30154000
2020-04-01 05:57:00,38.57000000,38.57000000,38.54000000,38.56000000,35.18708000
2020-04-01 05:58:00,38.56000000,38.57000000,38.55000000,38.55000000,64.91897000
2020-04-01 05:59:00,38.58000000,38.59000000,38.56000000,38.58000000,91.04016000
2020-04-01 06:00:00,38.57000000,38.58000000,38.53000000,38.56000000,88.63904000
2020-04-01 06:01:00,38.55000000,38.56000000,38.52000000,38.54000000,278.30210000
2020-04-01 06:02:00,38.56000000,38.60000000,38.56000000,38.60000000,369.35159000
2020-04-01 06:03:00,38.60000000,38.64000000,38.55000000,38.62000000,373.59048000
2020-04-01 06:04:00,38.64000000,38.65000000,38.61000000,38.65000000,27.45210000
2020-04-01 06:05:00,38.64000000,38.67000000,38.62000000,38.65000000,77.01951000
2020-04-01 06:06:00,38.66000000,38.67000000,38.64000000,38.67000000,11.78731000
2020-04-01 06:07:00,38.66000000,38.69000000,38.66000000,38.67000000,24.53775000
2020-04-01 06:08:00,38.67000000,38.69000000,38.66000000,38.66000000,103.13659000
2020-04-01 06:09:00,38.68000000,38.68000000,38.62000000,38.66000000,165.36317000
2020-04-01 06:10:00,38.63000000,38.63000000,38.59000000,38.61000000,71.24047000
2020-04-01 06:11:00,38.61000000,38.61000000,38.55000000,38.55000000,127.98001000
2020-04-01 06:12:00,38.56000000,38.59000000,38.54000000,38.56000000,307.73325000
2020-04-01 06:13:00,38.57000000,38.57000000,38.53000000,38.56000000,101.11805000
2020-04-01 06:14:00,38.56000000,38.57000000,38.53000000,38.53000000,41.73059000
2020-04-01 06:15:00,38.56000000,38.57000000,38.54000000,38.55000000,43.49851000
2020-04-01 06:16:00,38.53000000,38.56000000,38.49000000,38.50000000,496.95069000
2020-04-01 06:17:00,38.50000000,38.55000000,38.49000000,38.49000000,196.19519000
2020-04-01 06:18:00,38.50000000,38.51000000,38.44000000,38.50000000,433.99356000
2020-04-01 06:19:00,38.48000000,38.51000000,38.47000000,38.51000000,485.97063000
2020-04-01 06:20:00,38.51000000,38.57000000,38.51000000,38.57000000,542.85687000
2020-04-01 06:21:00,38.54000000,38.57000000,38.54000000,38.57000000,7.94616000
2020-04-01 06:22:00,38.57000000,38.57000000,38.54000000,38.57000000,43.20622000
2020-04-01 06:23:00,38.57000000,38.57000000,38.53000000,38.57000000,147.82490000
2020-04-01 06:24:00,38.57000000,38.61000000,38.56000000,38.60000000,202.29200000
2020-04-01 06:25:00,38.58000000,38.60000000,38.53000000,38.53000000,308.13871000
2020-04-01 06:26:00,38.55000000,38.56000000,38.53000000,38.55000000,63.60832000
2020-04-01 06:27:00,38.55000000,38.59000000,38.55000000,38.59000000,60.49613000
2020-04-01 06:28:00,38.58000000,38.58000000,38.50000000,38.51000000,347.65287000
2020-04-01 06:29:00,38.50000000,38.55000000,38.50000000,38.54000000,256.20282000
2020-04-01 06:30:00,38.53000000,38.54000000,38.52000000,38.53000000,5.25275000
2020-04-01 06:31:00,38.54000000,38.62000000,38.53000000,38.59000000,1364.93612000
2020-04-01 06:32:00,38.60000000,38.66000000,38.58000000,38.65000000,226.70143000
2020-04-01 06:33:00,38.65000000,38.66000000,38.58000000,38.58000000,112.16202000
2020-04-01 06:34:00,38.58000000,38.59000000,38.56000000,38.56000000,58.86352000
2020-04-01 06:35:00,38.57000000,38.60000000,38.57000000,38.60000000,53.04714000
2020-04-01 06:36:00,38.59000000,38.59000000,38.57000000,38.57000000,12.49032000
2020-04-01 06:37:00,38.57000000,38.58000000,38.55000000,38.55000000,884.41853000
2020-04-01 06:38:00,38.56000000,38.62000000,38.56000000,38.61000000,260.57213000
2020-04-01 06:39:00,38.62000000,38.63000000,38.61000000,38.62000000,40.75710000
2020-04-01 06:40:00,38.64000000,38.64000000,38.60000000,38.61000000,37.45810000
2020-04-01 06:41:00,38.61000000,38.61000000,38.58000000,38.59000000,202.33620000
2020-04-01 06:42:00,38.59000000,38.60000000,38.58000000,38.58000000,88.31699000
2020-04-01 06:43:00,38.61000000,38.64000000,38.60000000,38.62000000,197.50792000
2020-04-01 06:44:00,38.62000000,38.65000000,38.60000000,38.64000000,154.51126000
2020-04-01 06:45:00,38.64000000,38.64000000,38.62000000,38.63000000,78.86620000
2020-04-01 06:46:00,38.61000000,38.65000000,38.61000000,38.65000000,10.08592000
2020-04-01 06:47:00,38.65000000,38.65000000,38.60000000,38.60000000,762.31387000
2020-04-01 06:48:00,38.60000000,38.62000000,38.58000000,38.61000000,118.23236000
2020-04-01 06:49:00,38.60000000,38.61000000,38.58000000,38.58000000,78.07678000
2020-04-01 06:50:00,38.58000000,38.64000000,38.58000000,38.61000000,175.15938000
2020-04-01 06:51:00,38.62000000,38.65000000,38.61000000,38.62000000,73.04642000
2020-04-01 06:52:00,38.64000000,38.67000000,38.63000000,38.65000000,221.87687000
2020-04-01 06:53:00,38.65000000,38.66000000,38.56000000,38.57000000,236.05795000
2020-04-01 06:54:00,38.57000000,38.59000000,38.56000000,38.57000000,62.81682000
2020-04-01 06:55:00,38.57000000,38.59000000,38.55000000,38.58000000,261.24202000
2020-04-01 06:56:00,38.57000000,38.63000000,38.57000000,38.61000000,163.78570000
2020-04-01 06:57:00,38.62000000,38.63000000,38.59000000,38.63000000,99.75969000
2020-04-01 06:58:00,38.62000000,38.63000000,38.60000000,38.61000000,48.67179000
2020-04-01 06:59:00,38.59000000,38.60000000,38.57000000,38.58000000,200.45610000
2020-04-01 07:00:00,38.58000000,38.58000000,38.55000000,38.55000000,61.12741000
2020-04-01 07:01:00,38.55000000,38.55000000,38.51000000,38.52000000,644.86056000
2020-04-01 07:02:00,38.54000000,38.56000000,38.54000000,38.55000000,18.72036000
2020-04-01 07:03:00,38.54000000,38.59000000,38.54000000,38.59000000,453.81775000
2020-04-01 07:04:00,38.58000000,38.58000000,38.56000000,38.56000000,73.39784000
2020-04-01 07:05:00,38.56000000,38.58000000,38.56000000,38.57000000,25.86236000
2020-04-01 07:06:00,38.56000000,38.61000000,38.56000000,38.57000000,250.57405000
2020-04-01 07:07:00,38.57000000,38.62000000,38.57000000,38.61000000,112.09098000
2020-04-01 07:08:00,38.62000000,38.64000000,38.61000000,38.62000000,45.88492000
2020-04-01 07:09:00,38.62000000,38.65000000,38.62000000,38.64000000,36.77765000
2020-04-01 07:10:00,38.64000000,38.68000000,38.64000000,38.67000000,153.79430000
2020-04-01 07:11:00,38.64000000,38.67000000,38.62000000,38.63000000,197.06854000
2020-04-01 07:12:00,38.64000000,38.64000000,38.61000000,38.61000000,15.65064000
2020-04-01 07:13:00,38.61000000,38.64000000,38.61000000,38.63000000,50.78172000
2020-04-01 07:14:00,38.61000000,38.63000000,38.60000000,38.63000000,13.18931000
2020-04-01 07:15:00,38.60000000,38.60000000,38.56000000,38.58000000,414.12391000
2020-04-01 07:16:00,38.57000000,38.61000000,38.57000000,38.58000000,135.99252000
2020-04-01 07:17:00,38.59000000,38.59000000,38.58000000,38.59000000,7.87045000
2020-04-01 07:18:00,38.57000000,38.59000000,38.56000000,38.58000000,20.28713000
2020-04-01 07:19:00,38.58000000,38.59000000,38.55000000,38.58000000,41.58793000
2020-04-01 07:20:00,38.58000000,38.60000000,38.56000000,38.57000000,8.44749000
2020-04-01 07:21:00,38.57000000,38.64000000,38.57000000,38.60000000,520.62257000
2020-04-01 07:22:00,38.63000000,38.63000000,38.59000000,38.61000000,93.22863000
2020-04-01 07:23:00,38.61000000,38.61000000,38.56000000,38.56000000,79.68087000
2020-04-01 07:24:00,38.57000000,38.60000000,38.57000000,38.59000000,27.42450000
2020-04-01 07:25:00,38.59000000,38.59000000,38.58000000,38.58000000,7.85899000
2020-04-01 07:26:00,38.59000000,38.61000000,38.57000000,38.59000000,122.68317000
2020-04-01 07:27:00,38.60000000,38.63000000,38.58000000,38.62000000,16.85370000
2020-04-01 07:28:00,38.61000000,38.66000000,38.61000000,38.66000000,89.74995000
2020-04-01 07:29:00,38.66000000,38.67000000,38.64000000,38.67000000,39.46276000
2020-04-01 07:30:00,38.65000000,38.67000000,38.64000000,38.67000000,62.70307000
2020-04-01 07:31:00,38.67000000,38.73000000,38.67000000,38.70000000,306.66149000
2020-04-01 07:32:00,38.70000000,38.74000000,38.70000000,38.71000000,131.74260000
2020-04-01 07:33:00,38.71000000,38.71000000,38.66000000,38.69000000,118.21876000
2020-04-01 07:34:00,38.69000000,38.71000000,38.68000000,38.71000000,48.98682000
2020-04-01 07:35:00,38.70000000,38.70000000,38.67000000,38.69000000,11.84985000
2020-04-01 07:36:00,38.69000000,38.73000000,38.67000000,38.73000000,17.88214000
2020-04-01 07:37:00,38.72000000,38.74000000,38.70000000,38.71000000,192.88726000
2020-04-01 07:38:00,38.73000000,38.73000000,38.70000000,38.73000000,56.66806000
2020-04-01 07:39:00,38.72000000,38.72000000,38.68000000,38.71000000,273.55413000
2020-04-01 07:40:00,38.70000000,38.73000000,38.67000000,38.68000000,182.48558000
2020-04-01 07:41:00,38.67000000,38.69000000,38.66000000,38.69000000,156.68500000
2020-04-01 07:42:00,38.69000000,38.70000000,38.68000000,38.68000000,2.09565000
2020-04-01 07:43:00,38.69000000,38.70000000,38.67000000,38.68000000,70.52591000
2020-04-01 07:44:00,38.68000000,38.70000000,38.66000000,38.67000000,62.56417000
2020-04-01 07:45:00,38.67000000,38.68000000,38.66000000,38.67000000,50.33284000
2020-04-01 07:46:00,38.68000000,38.68000000,38.63000000,38.66000000,57.76004000
2020-04-01 07:47:00,38.63000000,38.67000000,38.62000000,38.67000000,104.77173000
2020-04-01 07:48:00,38.67000000,38.68000000,38.64000000,38.64000000,11.49140000
2020-04-01 07:49:00,38.63000000,38.65000000,38.63000000,38.65000000,34.55838000
2020-04-01 07:50:00,38.64000000,38.65000000,38.64000000,38.64000000,16.46275000
2020-04-01 07:51:00,38.64000000,38.66000000,38.61000000,38.61000000,397.49593000
2020-04-01 07:52:00,38.64000000,38.66000000,38.63000000,38.66000000,56.53119000
2020-04-01 07:53:00,38.65000000,38.67000000,38.65000000,38.66000000,27.55246000
2020-04-01 07:54:00,38.66000000,38.71000000,38.66000000,38.71000000,630.23299000
2020-04-01 07:55:00,38.70000000,38.70000000,38.67000000,38.68000000,130.47769000
2020-04-01 07:56:00,38.67000000,38.68000000,38.66000000,38.67000000,126.33759000
2020-04-01 07:57:00,38.68000000,38.68000000,38.63000000,38.64000000,411.69738000
2020-04-01 07:58:00,38.64000000,38.66000000,38.64000000,38.66000000,21.05281000
2020-04-01 07:59:00,38.66000000,38.70000000,38.66000000,38.70000000,203.55702000
2020-04-01 08:00:00,38.70000000,38.70000000,38.60000000,38.61000000,247.47020000
2020-04-01 08:01:00,38.60000000,38.60000000,38.53000000,38.53000000,219.00774000
2020-04-01 08:02:00,38.53000000,38.54000000,38.50000000,38.53000000,292.81487000
2020-04-01 08:03:00,38.53000000,38.54000000,38.51000000,38.53000000,305.59484000
2020-04-01 08:04:00,38.54000000,38.56000000,38.53000000,38.55000000,191.86644000
2020-04-01 08:05:00,38.55000000,38.55000000,38.50000000,38.52000000,647.29247000
2020-04-01 08:06:00,38.50000000,38.51000000,38.48000000,38.51000000,1333.84022000
2020-04-01 08:07:00,38.50000000,38.55000000,38.50000000,38.54000000,144.90077000
2020-04-01 08:08:00,38.55000000,38.56000000,38.53000000,38.56000000,45.86567000
2020-04-01 08:09:00,38.54000000,38.56000000,38.53000000,38.53000000,66.91062000
2020-04-01 08:10:00,38.55000000,38.56000000,38.53000000,38.54000000,7.72827000
2020-04-01 08:11:00,38.55000000,38.58000000,38.54000000,38.56000000,46.66601000
2020-04-01 08:12:00,38.56000000,38.57000000,38.52000000,38.52000000,146.03883000
2020-04-01 08:13:00,38.52000000,38.53000000,38.52000000,38.52000000,10.07399000
2020-04-01 08:14:00,38.53000000,38.56000000,38.53000000,38.53000000,80.96926000
2020-04-01 08:15:00,38.54000000,38.54000000,38.51000000,38.51000000,133.02381000
2020-04-01 08:16:00,38.53000000,38.53000000,38.49000000,38.51000000,446.48054000
2020-04-01 08:17:00,38.51000000,38.53000000,38.49000000,38.52000000,79.58606000
2020-04-01 08:18:00,38.52000000,38.54000000,38.51000000,38.53000000,54.60514000
2020-04-01 08:19:00,38.51000000,38.52000000,38.51000000,38.51000000,9.21692000
2020-04-01 08:20:00,38.51000000,38.51000000,38.48000000,38.48000000,79.42215000
2020-04-01 08:21:00,38.48000000,38.49000000,38.45000000,38.49000000,202.58095000
2020-04-01 08:22:00,38.46000000,38.49000000,38.46000000,38.47000000,16.54368000
2020-04-01 08:23:00,38.49000000,38.52000000,38.49000000,38.52000000,576.96822000
2020-04-01 08:24:00,38.51000000,38.52000000,38.50000000,38.50000000,28.26240000
2020-04-01 08:25:00,38.50000000,38.53000000,38.47000000,38.48000000,622.72706000
2020-04-01 08:26:00,38.48000000,38.49000000,38.43000000,38.44000000,465.38193000
2020-04-01 08:27:00,38.43000000,38.45000000,38.41000000,38.43000000,1060.88278000
2020-04-01 08:28:00,38.43000000,38.43000000,38.39000000,38.43000000,176.28716000
2020-04-01 08:29:00,38.43000000,38.46000000,38.40000000,38.43000000,440.05881000
2020-04-01 08:30:00,38.44000000,38.46000000,38.43000000,38.44000000,355.42841000
2020-04-01 08:31:00,38.45000000,38.46000000,38.44000000,38.44000000,17.79337000
2020-04-01 08:32:00,38.46000000,38.47000000,38.44000000,38.44000000,49.85689000
2020-04-01 08:33:00,38.44000000,38.45000000,38.42000000,38.45000000,38.05259000
2020-04-01 08:34:00,38.42000000,38.47000000,38.42000000,38.45000000,75.75238000
2020-04-01 08:35:00,38.45000000,38.50000000,38.45000000,38.50000000,53.26067000
2020-04-01 08:36:00,38.49000000,38.50000000,38.48000000,38.48000000,187.27004000
2020-04-01 08:37:00,38.49000000,38.49000000,38.48000000,38.49000000,9.42309000
2020-04-01 08:38:00,38.48000000,38.49000000,38.41000000,38.44000000,1063.36732000
2020-04-01 08:39:00,38.44000000,38.48000000,38.42000000,38.43000000,307.65818000
2020-04-01 08:40:00,38.45000000,38.48000000,38.42000000,38.47000000,614.58100000
2020-04-01 08:41:00,38.46000000,38.48000000,38.45000000,38.47000000,9.51398000
2020-04-01 08:42:00,38.47000000,38.47000000,38.45000000,38.46000000,71.01623000
2020-04-01 08:43:00,38.45000000,38.49000000,38.43000000,38.47000000,78.87201000
2020-04-01 08:44:00,38.47000000,38.58000000,38.46000000,38.57000000,1479.71468000
2020-04-01 08:45:00,38.57000000,38.57000000,38.54000000,38.55000000,237.62993000
2020-04-01 08:46:00,38.55000000,38.55000000,38.49000000,38.49000000,611.28263000
2020-04-01 08:47:00,38.50000000,38.54000000,38.50000000,38.53000000,263.80624000
2020-04-01 08:48:00,38.53000000,38.55000000,38.50000000,38.51000000,55.28332000
2020-04-01 08:49:00,38.52000000,38.54000000,38.48000000,38.54000000,186.77870000
2020-04-01 08:50:00,38.54000000,38.55000000,38.51000000,38.51000000,31.31836000
2020-04-01 08:51:00,38.52000000,38.54000000,38.52000000,38.52000000,4.92592000
2020-04-01 08:52:00,38.52000000,38.52000000,38.48000000,38.49000000,317.37086000
2020-04-01 08:53:00,38.51000000,38.51000000,38.47000000,38.48000000,122.53993000
2020-04-01 08:54:00,38.50000000,38.50000000,38.48000000,38.48000000,3.02956000
2020-04-01 08:55:00,38.48000000,38.56000000,38.48000000,38.55000000,796.70515000
2020-04-01 08:56:00,38.53000000,38.56000000,38.50000000,38.56000000,261.10306000
2020-04-01 08:57:00,38.56000000,38.56000000,38.52000000,38.54000000,124.11154000
2020-04-01 08:58:00,38.56000000,38.56000000,38.53000000,38.53000000,86.96843000
2020-04-01 08:59:00,38.53000000,38.56000000,38.53000000,38.53000000,20.23882000
2020-04-01 09:00:00,38.56000000,38.56000000,38.53000000,38.56000000,184.07611000
2020-04-01 09:01:00,38.56000000,38.56000000,38.53000000,38.54000000,15.97113000
2020-04-01 09:02:00,38.54000000,38.54000000,38.50000000,38.52000000,467.64085000
2020-04-01 09:03:00,38.50000000,38.53000000,38.49000000,38.49000000,109.73815000
2020-04-01 09:04:00,38.49000000,38.51000000,38.46000000,38.48000000,250.70372000
2020-04-01 09:05:00,38.49000000,38.49000000,38.46000000,38.47000000,18.12964000
2020-04-01 09:06:00,38.48000000,38.49000000,38.45000000,38.49000000,4.70166000
2020-04-01 09:07:00,38.48000000,38.50000000,38.44000000,38.46000000,1378.69127000
2020-04-01 09:08:00,38.47000000,38.48000000,38.45000000,38.47000000,8.72629000
2020-04-01 09:09:00,38.47000000,38.47000000,38.44000000,38.47000000,52.48564000
2020-04-01 09:10:00,38.47000000,38.52000000,38.47000000,38.52000000,370.08668000
2020-04-01 09:11:00,38.52000000,38.52000000,38.51000000,38.51000000,16.49369000
2020-04-01 09:12:00,38.52000000,38.52000000,38.47000000,38.49000000,34.94311000
2020-04-01 09:13:00,38.48000000,38.49000000,38.43000000,38.49000000,260.14196000
2020-04-01 09:14:00,38.49000000,38.49000000,38.42000000,38.43000000,365.59022000
2020-04-01 09:15:00,38.44000000,38.51000000,38.43000000,38.49000000,85.81309000
2020-04-01 09:16:00,38.50000000,38.52000000,38.48000000,38.52000000,54.05380000
2020-04-01 09:17:00,38.50000000,38.56000000,38.50000000,38.53000000,608.67719000
2020-04-01 09:18:00,38.54000000,38.56000000,38.53000000,38.56000000,8.94450000
2020-04-01 09:19:00,38.56000000,38.56000000,38.54000000,38.56000000,10.89343000
2020-04-01 09:20:00,38.56000000,38.56000000,38.54000000,38.55000000,245.70117000
2020-04-01 09:21:00,38.53000000,38.53000000,38.51000000,38.52000000,39.38149000
2020-04-01 09:22:00,38.51000000,38.53000000,38.50000000,38.52000000,494.10121000
2020-04-01 09:23:00,38.52000000,38.54000000,38.52000000,38.54000000,82.33224000
2020-04-01 09:24:00,38.53000000,38.60000000,38.53000000,38.59000000,178.92954000
2020-04-01 09:25:00,38.58000000,38.58000000,38.54000000,38.54000000,68.91790000
2020-04-01 09:26:00,38.53000000,38.57000000,38.53000000,38.57000000,14.00085000
2020-04-01 09:27:00,38.55000000,38.55000000,38.52000000,38.52000000,34.16868000
2020-04-01 09:28:00,38.53000000,38.54000000,38.52000000,38.53000000,18.60763000
2020-04-01 09:29:00,38.53000000,38.55000000,38.52000000,38.54000000,32.22976000
2020-04-01 09:30:00,38.54000000,38.54000000,38.51000000,38.51000000,74.99785000
2020-04-01 09:31:00,38.52000000,38.53000000,38.49000000,38.49000000,126.02125000
2020-04-01 09:32:00,38.50000000,38.52000000,38.49000000,38.50000000,40.90241000
2020-04-01 09:33:00,38.51000000,38.54000000,38.50000000,38.52000000,183.68009000
2020-04-01 09:34:00,38.53000000,38.54000000,38.51000000,38.54000000,57.22508000
2020-04-01 09:35:00,38.54000000,38.55000000,38.51000000,38.51000000,182.05061000
2020-04-01 09:36:00,38.51000000,38.54000000,38.46000000,38.47000000,792.65075000
2020-04-01 09:37:00,38.49000000,38.49000000,38.46000000,38.46000000,493.06309000
2020-04-01 09:38:00,38.50000000,38.50000000,38.47000000,38.47000000,52.03358000
2020-04-01 09:39:00,38.48000000,38.48000000,38.45000000,38.45000000,78.43058000
2020-04-01 09:40:00,38.46000000,38.47000000,38.42000000,38.43000000,792.30566000
2020-04-01 09:41:00,38.43000000,38.45000000,38.41000000,38.42000000,388.73448000
2020-04-01 09:42:00,38.41000000,38.44000000,38.41000000,38.41000000,123.60379000
2020-04-01 09:43:00,38.40000000,38.40000000,38.21000000,38.23000000,4477.65322000
2020-04-01 09:44:00,38.22000000,38.25000000,38.12000000,38.15000000,3864.36050000
2020-04-01 09:45:00,38.15000000,38.20000000,38.08000000,38.12000000,2676.23329000
2020-04-01 09:46:00,38.12000000,38.15000000,38.10000000,38.14000000,314.46679000
2020-04-01 09:47:00,38.14000000,38.27000000,38.12000000,38.25000000,550.76263000
2020-04-01 09:48:00,38.27000000,38.38000000,38.26000000,38.31000000,1050.17584000
2020-04-01 09:49:00,38.29000000,38.35000000,38.27000000,38.32000000,299.65076000
2020-04-01 09:50:00,38.32000000,38.34000000,38.31000000,38.32000000,234.78971000
2020-04-01 09:51:00,38.32000000,38.34000000,38.32000000,38.32000000,22.34794000
2020-04-01 09:52:00,38.32000000,38.32000000,38.26000000,38.30000000,708.37823000
2020-04-01 09:53:00,38.30000000,38.31000000,38.28000000,38.28000000,174.31915000
2020-04-01 09:54:00,38.28000000,38.30000000,38.27000000,38.29000000,54.06163000
2020-04-01 09:55:00,38.29000000,38.30000000,38.26000000,38.26000000,113.73945000
2020-04-01 09:56:00,38.27000000,38.32000000,38.25000000,38.32000000,433.22297000
2020-04-01 09:57:00,38.32000000,38.36000000,38.32000000,38.32000000,313.86172000
2020-04-01 09:58:00,38.33000000,38.35000000,38.33000000,38.33000000,11.52911000
2020-04-01 09:59:00,38.33000000,38.34000000,38.30000000,38.34000000,454.94093000
2020-04-01 10:00:00,38.33000000,38.33000000,38.27000000,38.28000000,165.51546000
2020-04-01 10:01:00,38.30000000,38.33000000,38.30000000,38.31000000,151.16726000
2020-04-01 10:02:00,38.31000000,38.31000000,38.28000000,38.29000000,113.29416000
2020-04-01 10:03:00,38.31000000,38.32000000,38.29000000,38.31000000,4.83680000
2020-04-01 10:04:00,38.31000000,38.32000000,38.28000000,38.31000000,22.49873000
2020-04-01 10:05:00,38.30000000,38.31000000,38.28000000,38.30000000,24.66223000
2020-04-01 10:06:00,38.30000000,38.35000000,38.25000000,38.35000000,311.84689000
2020-04-01 10:07:00,38.32000000,38.39000000,38.32000000,38.39000000,469.45111000
2020-04-01 10:08:00,38.39000000,38.41000000,38.39000000,38.41000000,66.03946000
2020-04-01 10:09:00,38.41000000,38.41000000,38.37000000,38.39000000,127.48678000
2020-04-01 10:10:00,38.36000000,38.37000000,38.34000000,38.37000000,442.69524000
2020-04-01 10:11:00,38.36000000,38.38000000,38.34000000,38.35000000,222.29265000
2020-04-01 10:12:00,38.36000000,38.38000000,38.31000000,38.32000000,104.07256000
2020-04-01 10:13:00,38.31000000,38.34000000,38.31000000,38.34000000,108.97952000
2020-04-01 10:14:00,38.34000000,38.34000000,38.31000000,38.32000000,20.73466000
2020-04-01 10:15:00,38.33000000,38.37000000,38.30000000,38.35000000,94.71443000
2020-04-01 10:16:00,38.35000000,38.39000000,38.35000000,38.37000000,144.39837000
2020-04-01 10:17:00,38.37000000,38.39000000,38.37000000,38.37000000,28.60787000
2020-04-01 10:18:00,38.37000000,38.42000000,38.37000000,38.38000000,165.80628000
2020-04-01 10:19:00,38.40000000,38.45000000,38.40000000,38.43000000,415.36040000
2020-04-01 10:20:00,38.43000000,38.44000000,38.36000000,38.37000000,417.82152000
2020-04-01 10:21:00,38.38000000,38.41000000,38.37000000,38.41000000,190.03385000
2020-04-01 10:22:00,38.40000000,38.43000000,38.40000000,38.43000000,60.25586000
2020-04-01 10:23:00,38.42000000,38.43000000,38.41000000,38.42000000,28.52137000
2020-04-01 10:24:00,38.42000000,38.45000000,38.41000000,38.45000000,423.22065000
2020-04-01 10:25:00,38.45000000,38.46000000,38.43000000,38.46000000,514.12805000
2020-04-01 10:26:00,38.45000000,38.46000000,38.44000000,38.45000000,23.04624000
2020-04-01 10:27:00,38.45000000,38.47000000,38.44000000,38.47000000,213.95879000
2020-04-01 10:28:00,38.48000000,38.49000000,38.47000000,38.49000000,124.96550000
2020-04-01 10:29:00,38.49000000,38.52000000,38.44000000,38.47000000,1005.73651000
2020-04-01 10:30:00,38.47000000,38.50000000,38.47000000,38.49000000,40.33276000
2020-04-01 10:31:00,38.51000000,38.51000000,38.49000000,38.49000000,7.41552000
2020-04-01 10:32:00,38.48000000,38.54000000,38.48000000,38.52000000,215.79477000
2020-04-01 10:33:00,38.52000000,38.54000000,38.52000000,38.52000000,116.22920000
2020-04-01 10:34:00,38.51000000,38.51000000,38.47000000,38.48000000,755.21696000
2020-04-01 10:35:00,38.47000000,38.47000000,38.46000000,38.47000000,58.94834000
2020-04-01 10:36:00,38.47000000,38.47000000,38.43000000,38.43000000,50.80088000
2020-04-01 10:37:00,38.44000000,38.45000000,38.42000000,38.44000000,24.48315000
2020-04-01 10:38:00,38.44000000,38.44000000,38.41000000,38.42000000,120.25423000
2020-04-01 10:39:00,38.42000000,38.42000000,38.39000000,38.39000000,185.16090000
2020-04-01 10:40:00,38.41000000,38.42000000,38.39000000,38.40000000,36.63931000
2020-04-01 10:41:00,38.40000000,38.46000000,38.40000000,38.42000000,633.72182000
2020-04-01 10:42:00,38.42000000,38.43000000,38.40000000,38.43000000,5.31447000
2020-04-01 10:43:00,38.43000000,38.46000000,38.43000000,38.44000000,18.92691000
2020-04-01 10:44:00,38.42000000,38.42000000,38.37000000,38.40000000,601.94190000
2020-04-01 10:45:00,38.40000000,38.41000000,38.37000000,38.41000000,69.36321000
2020-04-01 10:46:00,38.42000000,38.42000000,38.38000000,38.40000000,59.50957000
2020-04-01 10:47:00,38.42000000,38.42000000,38.40000000,38.40000000,17.82153000
2020-04-01 10:48:00,38.40000000,38.40000000,38.39000000,38.40000000,26.83530000
2020-04-01 10:49:00,38.40000000,38.40000000,38.37000000,38.37000000,14.63971000
2020-04-01 10:50:00,38.37000000,38.42000000,38.37000000,38.41000000,167.73797000
2020-04-01 10:51:00,38.42000000,38.44000000,38.41000000,38.43000000,226.45300000
2020-04-01 10:52:00,38.43000000,38.46000000,38.43000000,38.44000000,64.80622000
2020-04-01 10:53:00,38.44000000,38.45000000,38.39000000,38.40000000,550.46469000
2020-04-01 10:54:00,38.39000000,38.39000000,38.36000000,38.37000000,27.07068000
2020-04-01 10:55:00,38.35000000,38.39000000,38.35000000,38.38000000,77.73887000
2020-04-01 10:56:00,38.38000000,38.41000000,38.37000000,38.40000000,563.97166000
2020-04-01 10:57:00,38.40000000,38.40000000,38.39000000,38.39000000,28.60805000
2020-04-01 10:58:00,38.39000000,38.40000000,38.37000000,38.37000000,110.38310000
2020-04-01 10:59:00,38.37000000,38.38000000,38.35000000,38.36000000,199.63536000
2020-04-01 11:00:00,38.36000000,38.37000000,38.28000000,38.28000000,672.62564000
2020-04-01 11:01:00,38.29000000,38.29000000,38.24000000,38.24000000,202.33497000
2020-04-01 11:02:00,38.24000000,38.26000000,38.20000000,38.22000000,697.10436000
2020-04-01 11:03:00,38.21000000,38.29000000,38.20000000,38.28000000,436.12694000
2020-04-01 11:04:00,38.29000000,38.30000000,38.28000000,38.28000000,90.11661000
2020-04-01 11:05:00,38.30000000,38.33000000,38.28000000,38.33000000,307.91874000
2020-04-01 11:06:00,38.33000000,38.34000000,38.33000000,38.34000000,46.70472000
2020-04-01 11:07:00,38.34000000,38.36000000,38.32000000,38.36000000,20.03798000
2020-04-01 11:08:00,38.35000000,38.36000000,38.34000000,38.36000000,21.83011000
2020-04-01 11:09:00,38.36000000,38.36000000,38.28000000,38.31000000,335.97178000
2020-04-01 11:10:00,38.30000000,38.30000000,38.27000000,38.28000000,44.98022000
2020-04-01 11:11:00,38.28000000,38.32000000,38.28000000,38.31000000,88.60731000
2020-04-01 11:12:00,38.31000000,38.35000000,38.31000000,38.32000000,325.89799000
2020-04-01 11:13:00,38.33000000,38.33000000,38.30000000,38.30000000,72.15888000
2020-04-01 11:14:00,38.32000000,38.34000000,38.32000000,38.34000000,43.25609000
2020-04-01 11:15:00,38.34000000,38.34000000,38.31000000,38.32000000,173.47473000
2020-04-01 11:16:00,38.32000000,38.32000000,38.25000000,38.25000000,440.39284000
2020-04-01 11:17:00,38.26000000,38.27000000,38.25000000,38.25000000,30.33493000
2020-04-01 11:18:00,38.25000000,38.25000000,38.24000000,38.25000000,64.33416000
2020-04-01 11:19:00,38.24000000,38.27000000,38.24000000,38.24000000,30.67976000
2020-04-01 11:20:00,38.24000000,38.25000000,38.23000000,38.25000000,66.98146000
2020-04-01 11:21:00,38.26000000,38.30000000,38.25000000,38.26000000,549.99896000
2020-04-01 11:22:00,38.26000000,38.32000000,38.26000000,38.29000000,98.65252000
2020-04-01 11:23:00,38.30000000,38.31000000,38.29000000,38.31000000,22.72708000
2020-04-01 11:24:00,38.31000000,38.33000000,38.30000000,38.31000000,64.75842000
2020-04-01 11:25:00,38.30000000,38.31000000,38.26000000,38.26000000,111.38447000
2020-04-01 11:26:00,38.27000000,38.28000000,38.25000000,38.28000000,174.61768000
2020-04-01 11:27:00,38.28000000,38.31000000,38.28000000,38.31000000,1187.62038000
2020-04-01 11:28:00,38.32000000,38.34000000,38.31000000,38.32000000,29.49461000
2020-04-01 11:29:00,38.34000000,38.36000000,38.31000000,38.36000000,88.08947000
2020-04-01 11:30:00,38.37000000,38.37000000,38.33000000,38.37000000,420.95585000
2020-04-01 11:31:00,38.37000000,38.41000000,38.37000000,38.40000000,525.67721000
2020-04-01 11:32:00,38.40000000,38.42000000,38.38000000,38.42000000,308.87999000
2020-04-01 11:33:00,38.42000000,38.43000000,38.41000000,38.41000000,66.95204000
2020-04-01 11:34:00,38.43000000,38.43000000,38.36000000,38.37000000,637.99055000
2020-04-01 11:35:00,38.37000000,38.39000000,38.36000000,38.38000000,111.60101000
2020-04-01 11:36:00,38.38000000,38.43000000,38.37000000,38.41000000,282.70197000
2020-04-01 11:37:00,38.44000000,38.44000000,38.41000000,38.44000000,13.43258000
2020-04-01 11:38:00,38.43000000,38.45000000,38.41000000,38.44000000,100.78290000
2020-04-01 11:39:00,38.44000000,38.45000000,38.43000000,38.45000000,126.67061000
2020-04-01 11:40:00,38.43000000,38.43000000,38.38000000,38.39000000,339.20016000
2020-04-01 11:41:00,38.38000000,38.39000000,38.35000000,38.39000000,79.72753000
2020-04-01 11:42:00,38.39000000,38.46000000,38.38000000,38.46000000,614.62330000
2020-04-01 11:43:00,38.45000000,38.45000000,38.43000000,38.45000000,63.67024000
2020-04-01 11:44:00,38.45000000,38.47000000,38.43000000,38.43000000,277.32215000
2020-04-01 11:45:00,38.45000000,38.46000000,38.42000000,38.46000000,17.65574000
2020-04-01 11:46:00,38.45000000,38.46000000,38.43000000,38.45000000,19.99491000
2020-04-01 11:47:00,38.45000000,38.45000000,38.38000000,38.38000000,489.80199000
2020-04-01 11:48:00,38.39000000,38.40000000,38.37000000,38.38000000,15.86629000
2020-04-01 11:49:00,38.37000000,38.44000000,38.37000000,38.42000000,596.79651000
2020-04-01 11:50:00,38.44000000,38.47000000,38.43000000,38.43000000,578.59135000
2020-04-01 11:51:00,38.43000000,38.45000000,38.39000000,38.41000000,386.70376000
2020-04-01 11:52:00,38.41000000,38.44000000,38.41000000,38.43000000,7.43587000
2020-04-01 11:53:00,38.43000000,38.45000000,38.42000000,38.44000000,73.28610000
2020-04-01 11:54:00,38.41000000,38.42000000,38.38000000,38.39000000,335.34386000
2020-04-01 11:55:00,38.39000000,38.40000000,38.37000000,38.39000000,91.13163000
2020-04-01 11:56:00,38.38000000,38.41000000,38.38000000,38.39000000,78.66997000
2020-04-01 11:57:00,38.39000000,38.44000000,38.39000000,38.44000000,145.37357000
2020-04-01 11:58:00,38.45000000,38.48000000,38.44000000,38.45000000,321.05175000
2020-04-01 11:59:00,38.45000000,38.54000000,38.45000000,38.54000000,402.96779000
2020-04-01 12:00:00,38.55000000,38.69000000,38.55000000,38.67000000,2536.57889000
2020-04-01 12:01:00,38.66000000,38.76000000,38.66000000,38.73000000,1434.52997000
2020-04-01 12:02:00,38.74000000,38.76000000,38.66000000,38.68000000,566.40564000
2020-04-01 12:03:00,38.69000000,38.74000000,38.69000000,38.71000000,848.67382000
2020-04-01 12:04:00,38.71000000,38.71000000,38.64000000,38.64000000,347.23450000
2020-04-01 12:05:00,38.63000000,38.66000000,38.58000000,38.58000000,224.60391000
2020-04-01 12:06:00,38.57000000,38.58000000,38.21000000,38.21000000,3056.00824000
2020-04-01 12:07:00,38.20000000,38.29000000,38.19000000,38.25000000,787.80993000
2020-04-01 12:08:00,38.25000000,38.33000000,38.25000000,38.27000000,509.27689000
2020-04-01 12:09:00,38.29000000,38.29000000,38.18000000,38.21000000,893.99367000
2020-04-01 12:10:00,38.21000000,38.34000000,38.21000000,38.34000000,437.44483000
2020-04-01 12:11:00,38.35000000,38.36000000,38.29000000,38.31000000,188.03425000
2020-04-01 12:12:00,38.31000000,38.32000000,38.23000000,38.25000000,607.11125000
2020-04-01 12:13:00,38.25000000,38.26000000,38.19000000,38.26000000,363.22655000
2020-04-01 12:14:00,38.25000000,38.25000000,38.21000000,38.24000000,246.50830000
2020-04-01 12:15:00,38.26000000,38.29000000,38.25000000,38.29000000,265.70195000
2020-04-01 12:16:00,38.28000000,38.29000000,38.20000000,38.25000000,394.89626000
2020-04-01 12:17:00,38.25000000,38.30000000,38.22000000,38.27000000,153.93175000
2020-04-01 12:18:00,38.30000000,38.32000000,38.28000000,38.31000000,93.43137000
2020-04-01 12:19:00,38.31000000,38.35000000,38.30000000,38.33000000,125.58462000
2020-04-01 12:20:00,38.33000000,38.36000000,38.32000000,38.32000000,181.75141000
2020-04-01 12:21:00,38.33000000,38.35000000,38.31000000,38.31000000,75.70486000
2020-04-01 12:22:00,38.31000000,38.31000000,38.23000000,38.23000000,69.28481000
2020-04-01 12:23:00,38.23000000,38.26000000,38.20000000,38.26000000,48.04062000
2020-04-01 12:24:00,38.23000000,38.26000000,38.21000000,38.24000000,58.04830000
2020-04-01 12:25:00,38.26000000,38.30000000,38.26000000,38.29000000,371.19343000
2020-04-01 12:26:00,38.29000000,38.30000000,38.27000000,38.27000000,37.02560000
2020-04-01 12:27:00,38.30000000,38.31000000,38.25000000,38.26000000,210.29176000
2020-04-01 12:28:00,38.27000000,38.28000000,38.23000000,38.24000000,50.38437000
2020-04-01 12:29:00,38.24000000,38.27000000,38.21000000,38.23000000,624.94919000
2020-04-01 12:30:00,38.22000000,38.24000000,38.19000000,38.22000000,330.41554000
2020-04-01 12:31:00,38.22000000,38.23000000,38.21000000,38.21000000,106.77801000
2020-04-01 12:32:00,38.19000000,38.23000000,38.19000000,38.21000000,176.86661000
2020-04-01 12:33:00,38.22000000,38.22000000,38.15000000,38.17000000,512.14571000
2020-04-01 12:34:00,38.15000000,38.21000000,38.15000000,38.20000000,308.65280000
2020-04-01 12:35:00,38.19000000,38.25000000,38.17000000,38.24000000,661.88726000
2020-04-01 12:36:00,38.25000000,38.28000000,38.23000000,38.27000000,449.58860000
2020-04-01 12:37:00,38.28000000,38.37000000,38.28000000,38.37000000,93.68340000
2020-04-01 12:38:00,38.34000000,38.35000000,38.27000000,38.27000000,128.61643000
2020-04-01 12:39:00,38.29000000,38.29000000,38.21000000,38.21000000,120.37594000
2020-04-01 12:40:00,38.21000000,38.21000000,38.13000000,38.13000000,498.11089000
2020-04-01 12:41:00,38.15000000,38.16000000,38.09000000,38.14000000,467.91607000
2020-04-01 12:42:00,38.15000000,38.18000000,38.14000000,38.18000000,84.09825000
2020-04-01 12:43:00,38.18000000,38.18000000,38.16000000,38.18000000,66.98689000
2020-04-01 12:44:00,38.18000000,38.26000000,38.17000000,38.26000000,485.15634000
2020-04-01 12:45:00,38.26000000,38.26000000,38.21000000,38.25000000,127.70324000
2020-04-01 12:46:00,38.26000000,38.26000000,38.19000000,38.19000000,135.35243000
2020-04-01 12:47:00,38.19000000,38.20000000,38.19000000,38.20000000,9.66805000
2020-04-01 12:48:00,38.19000000,38.20000000,38.14000000,38.16000000,65.09355000
2020-04-01 12:49:00,38.17000000,38.18000000,38.15000000,38.16000000,6.56760000
2020-04-01 12:50:00,38.16000000,38.17000000,38.14000000,38.17000000,50.28867000
2020-04-01 12:51:00,38.18000000,38.22000000,38.17000000,38.17000000,744.30928000
2020-04-01 12:52:00,38.17000000,38.17000000,38.14000000,38.14000000,109.47878000
2020-04-01 12:53:00,38.15000000,38.16000000,38.13000000,38.16000000,54.37566000
2020-04-01 12:54:00,38.15000000,38.15000000,37.48000000,37.85000000,14260.08013000
2020-04-01 12:55:00,37.86000000,38.11000000,37.72000000,37.94000000,19550.58477000
2020-04-01 12:56:00,37.93000000,37.99000000,37.91000000,37.99000000,1122.28354000
2020-04-01 12:57:00,37.99000000,37.99000000,37.91000000,37.95000000,242.41565000
2020-04-01 12:58:00,37.95000000,37.99000000,37.88000000,37.93000000,1059.27476000
2020-04-01 12:59:00,37.90000000,37.90000000,37.81000000,37.84000000,248.51713000
2020-04-01 13:00:00,37.84000000,37.84000000,37.74000000,37.75000000,1290.97271000
2020-04-01 13:01:00,37.74000000,37.88000000,37.73000000,37.86000000,1670.64090000
2020-04-01 13:02:00,37.85000000,37.90000000,37.83000000,37.90000000,632.50646000
2020-04-01 13:03:00,37.90000000,37.91000000,37.86000000,37.91000000,727.42239000
2020-04-01 13:04:00,37.92000000,37.96000000,37.87000000,37.95000000,1042.32801000
2020-04-01 13:05:00,37.95000000,38.00000000,37.95000000,37.99000000,403.36672000
2020-04-01 13:06:00,37.98000000,38.01000000,37.98000000,37.99000000,298.40999000
2020-04-01 13:07:00,38.00000000,38.00000000,37.96000000,37.96000000,461.55704000
2020-04-01 13:08:00,37.97000000,38.00000000,37.96000000,37.98000000,269.27792000
2020-04-01 13:09:00,37.95000000,37.96000000,37.93000000,37.94000000,143.88367000
2020-04-01 13:10:00,37.93000000,37.96000000,37.91000000,37.91000000,319.34105000
2020-04-01 13:11:00,37.90000000,37.93000000,37.89000000,37.92000000,249.17523000
2020-04-01 13:12:00,37.91000000,37.93000000,37.86000000,37.86000000,324.19613000
2020-04-01 13:13:00,37.89000000,37.90000000,37.84000000,37.89000000,259.52164000
2020-04-01 13:14:00,37.86000000,37.89000000,37.84000000,37.84000000,167.12453000
2020-04-01 13:15:00,37.87000000,37.92000000,37.83000000,37.91000000,381.71852000
2020-04-01 13:16:00,37.91000000,37.91000000,37.88000000,37.91000000,235.13065000
2020-04-01 13:17:00,37.90000000,37.94000000,37.89000000,37.92000000,410.94036000
2020-04-01 13:18:00,37.89000000,37.93000000,37.84000000,37.84000000,465.27115000
2020-04-01 13:19:00,37.84000000,37.85000000,37.80000000,37.81000000,501.20767000
2020-04-01 13:20:00,37.83000000,37.87000000,37.83000000,37.85000000,222.29283000
2020-04-01 13:21:00,37.86000000,37.86000000,37.83000000,37.84000000,129.56107000
2020-04-01 13:22:00,37.86000000,37.89000000,37.85000000,37.87000000,206.11555000
2020-04-01 13:23:00,37.87000000,37.87000000,37.86000000,37.86000000,105.32974000
2020-04-01 13:24:00,37.87000000,37.87000000,37.81000000,37.81000000,551.78597000
2020-04-01 13:25:00,37.81000000,37.87000000,37.81000000,37.83000000,153.53331000
2020-04-01 13:26:00,37.82000000,37.85000000,37.82000000,37.83000000,8.95589000
2020-04-01 13:27:00,37.83000000,37.85000000,37.81000000,37.85000000,52.00916000
2020-04-01 13:28:00,37.85000000,37.91000000,37.83000000,37.91000000,378.64664000
2020-04-01 13:29:00,37.90000000,37.90000000,37.84000000,37.84000000,213.11177000
2020-04-01 13:30:00,37.84000000,37.86000000,37.82000000,37.83000000,73.67269000
2020-04-01 13:31:00,37.86000000,37.88000000,37.82000000,37.87000000,156.57291000
2020-04-01 13:32:00,37.88000000,37.93000000,37.88000000,37.91000000,306.74217000
2020-04-01 13:33:00,37.91000000,37.92000000,37.86000000,37.87000000,385.58148000
2020-04-01 13:34:00,37.86000000,37.88000000,37.81000000,37.82000000,130.00960000
2020-04-01 13:35:00,37.82000000,37.84000000,37.68000000,37.71000000,3052.63584000
2020-04-01 13:36:00,37.72000000,37.74000000,37.69000000,37.70000000,554.41963000
2020-04-01 13:37:00,37.71000000,37.71000000,37.64000000,37.67000000,945.52619000
2020-04-01 13:38:00,37.66000000,37.70000000,37.66000000,37.68000000,224.02559000
2020-04-01 13:39:00,37.67000000,37.70000000,37.66000000,37.70000000,270.35060000
2020-04-01 13:40:00,37.69000000,37.71000000,37.64000000,37.71000000,1284.15469000
2020-04-01 13:41:00,37.71000000,37.77000000,37.70000000,37.77000000,1534.32225000
2020-04-01 13:42:00,37.77000000,37.80000000,37.77000000,37.79000000,169.50619000
2020-04-01 13:43:00,37.79000000,37.80000000,37.77000000,37.79000000,34.52969000
2020-04-01 13:44:00,37.78000000,37.78000000,37.76000000,37.76000000,54.95366000
2020-04-01 13:45:00,37.78000000,37.78000000,37.74000000,37.76000000,204.92250000
2020-04-01 13:46:00,37.76000000,37.76000000,37.70000000,37.70000000,936.55747000
2020-04-01 13:47:00,37.69000000,37.75000000,37.69000000,37.74000000,195.48260000
2020-04-01 13:48:00,37.73000000,37.78000000,37.72000000,37.77000000,300.80742000
2020-04-01 13:49:00,37.76000000,37.82000000,37.76000000,37.78000000,497.33772000
2020-04-01 13:50:00,37.78000000,37.79000000,37.76000000,37.76000000,12.82568000
2020-04-01 13:51:00,37.76000000,37.79000000,37.75000000,37.76000000,221.89608000
2020-04-01 13:52:00,37.78000000,37.79000000,37.75000000,37.77000000,161.34575000
2020-04-01 13:53:00,37.78000000,37.84000000,37.78000000,37.84000000,334.32373000
2020-04-01 13:54:00,37.86000000,37.86000000,37.81000000,37.81000000,26.47922000
2020-04-01 13:55:00,37.82000000,37.83000000,37.78000000,37.83000000,106.75948000
2020-04-01 13:56:00,37.82000000,37.85000000,37.82000000,37.83000000,159.65264000
2020-04-01 13:57:00,37.84000000,37.84000000,37.78000000,37.81000000,184.86872000
2020-04-01 13:58:00,37.80000000,37.81000000,37.78000000,37.80000000,67.27949000
2020-04-01 13:59:00,37.82000000,37.82000000,37.79000000,37.81000000,47.24006000
2020-04-01 14:00:00,37.84000000,37.84000000,37.81000000,37.82000000,18.88531000
2020-04-01 14:01:00,37.80000000,37.82000000,37.73000000,37.74000000,346.38486000
2020-04-01 14:02:00,37.75000000,37.79000000,37.75000000,37.76000000,106.29398000
2020-04-01 14:03:00,37.77000000,37.82000000,37.76000000,37.82000000,366.30700000
2020-04-01 14:04:00,37.83000000,37.89000000,37.83000000,37.88000000,678.55752000
2020-04-01 14:05:00,37.85000000,37.91000000,37.85000000,37.87000000,42.45170000
2020-04-01 14:06:00,37.90000000,37.90000000,37.87000000,37.88000000,33.27302000
2020-04-01 14:07:00,37.88000000,37.93000000,37.87000000,37.93000000,162.01073000
2020-04-01 14:08:00,37.91000000,37.98000000,37.91000000,37.98000000,662.12032000
2020-04-01 14:09:00,37.95000000,37.95000000,37.91000000,37.91000000,303.24331000
2020-04-01 14:10:00,37.93000000,37.94000000,37.90000000,37.93000000,34.33331000
2020-04-01 14:11:00,37.93000000,37.95000000,37.91000000,37.94000000,40.12260000
2020-04-01 14:12:00,37.91000000,37.92000000,37.87000000,37.90000000,881.84298000
2020-04-01 14:13:00,37.88000000,37.92000000,37.88000000,37.90000000,10.88979000
2020-04-01 14:14:00,37.92000000,37.95000000,37.90000000,37.92000000,218.51281000
2020-04-01 14:15:00,37.92000000,37.92000000,37.87000000,37.88000000,94.90905000
2020-04-01 14:16:00,37.88000000,37.90000000,37.86000000,37.88000000,245.17150000
2020-04-01 14:17:00,37.88000000,37.90000000,37.82000000,37.82000000,1067.13350000
2020-04-01 14:18:00,37.82000000,37.85000000,37.80000000,37.84000000,342.37811000
2020-04-01 14:19:00,37.84000000,37.86000000,37.81000000,37.81000000,87.60117000
2020-04-01 14:20:00,37.83000000,37.88000000,37.83000000,37.86000000,379.39169000
2020-04-01 14:21:00,37.85000000,37.91000000,37.85000000,37.86000000,132.79453000
2020-04-01 14:22:00,37.86000000,37.88000000,37.86000000,37.87000000,12.95548000
2020-04-01 14:23:00,37.88000000,37.90000000,37.87000000,37.89000000,31.77746000
2020-04-01 14:24:00,37.90000000,37.93000000,37.88000000,37.88000000,154.06852000
2020-04-01 14:25:00,37.88000000,37.89000000,37.85000000,37.86000000,74.76277000
2020-04-01 14:26:00,37.85000000,37.91000000,37.85000000,37.90000000,87.53980000
2020-04-01 14:27:00,37.89000000,37.94000000,37.89000000,37.92000000,182.60700000
2020-04-01 14:28:00,37.93000000,37.93000000,37.88000000,37.88000000,192.40872000
2020-04-01 14:29:00,37.87000000,37.89000000,37.86000000,37.86000000,214.15048000
2020-04-01 14:30:00,37.86000000,37.87000000,37.84000000,37.85000000,25.62379000
2020-04-01 14:31:00,37.86000000,37.92000000,37.85000000,37.90000000,410.53400000
2020-04-01 14:32:00,37.89000000,37.96000000,37.89000000,37.94000000,398.51463000
2020-04-01 14:33:00,37.93000000,38.00000000,37.92000000,37.99000000,501.12738000
2020-04-01 14:34:00,38.00000000,38.02000000,37.95000000,37.95000000,466.76230000
2020-04-01 14:35:00,37.95000000,37.96000000,37.91000000,37.94000000,300.86132000
2020-04-01 14:36:00,37.94000000,37.95000000,37.91000000,37.91000000,70.72753000
2020-04-01 14:37:00,37.91000000,37.94000000,37.90000000,37.94000000,8.92017000
2020-04-01 14:38:00,37.94000000,37.96000000,37.93000000,37.96000000,212.32993000
2020-04-01 14:39:00,37.94000000,37.97000000,37.93000000,37.93000000,119.83828000
2020-04-01 14:40:00,37.94000000,37.96000000,37.93000000,37.95000000,194.59528000
2020-04-01 14:41:00,37.94000000,37.94000000,37.93000000,37.94000000,8.46236000
2020-04-01 14:42:00,37.94000000,37.99000000,37.94000000,37.97000000,303.04252000
2020-04-01 14:43:00,37.97000000,37.98000000,37.96000000,37.97000000,94.85749000
2020-04-01 14:44:00,37.96000000,37.98000000,37.95000000,37.97000000,32.08265000
2020-04-01 14:45:00,37.95000000,38.02000000,37.95000000,38.01000000,164.12867000
2020-04-01 14:46:00,38.00000000,38.02000000,37.99000000,38.02000000,184.83919000
2020-04-01 14:47:00,38.02000000,38.06000000,38.01000000,38.04000000,148.03556000
2020-04-01 14:48:00,38.04000000,38.07000000,38.01000000,38.01000000,50.13796000
2020-04-01 14:49:00,38.00000000,38.03000000,38.00000000,38.02000000,13.51723000
2020-04-01 14:50:00,38.02000000,38.02000000,37.96000000,37.96000000,111.09877000
2020-04-01 14:51:00,37.96000000,37.99000000,37.96000000,37.99000000,75.22470000
2020-04-01 14:52:00,37.99000000,37.99000000,37.97000000,37.99000000,4.92873000
2020-04-01 14:53:00,37.99000000,37.99000000,37.96000000,37.98000000,45.20179000
2020-04-01 14:54:00,37.98000000,37.98000000,37.93000000,37.95000000,477.42597000
2020-04-01 14:55:00,37.93000000,37.95000000,37.93000000,37.94000000,11.10521000
2020-04-01 14:56:00,37.94000000,37.97000000,37.93000000,37.97000000,26.63840000
2020-04-01 14:57:00,37.97000000,37.97000000,37.93000000,37.96000000,153.23114000
2020-04-01 14:58:00,37.97000000,37.97000000,37.94000000,37.97000000,227.99354000
2020-04-01 14:59:00,37.97000000,37.98000000,37.94000000,37.98000000,299.48390000
2020-04-01 15:00:00,37.98000000,38.02000000,37.96000000,38.00000000,383.75934000
2020-04-01 15:01:00,37.98000000,37.99000000,37.96000000,37.96000000,108.08090000
2020-04-01 15:02:00,37.96000000,37.96000000,37.91000000,37.93000000,782.87926000
2020-04-01 15:03:00,37.91000000,37.93000000,37.88000000,37.88000000,103.56903000
2020-04-01 15:04:00,37.89000000,37.93000000,37.89000000,37.89000000,206.38676000
2020-04-01 15:05:00,37.89000000,37.93000000,37.89000000,37.93000000,93.57878000
2020-04-01 15:06:00,37.93000000,37.96000000,37.91000000,37.94000000,537.61034000
2020-04-01 15:07:00,37.93000000,37.94000000,37.91000000,37.93000000,36.80520000
2020-04-01 15:08:00,37.93000000,37.94000000,37.87000000,37.87000000,448.65291000
2020-04-01 15:09:00,37.90000000,37.91000000,37.87000000,37.91000000,96.29836000
2020-04-01 15:10:00,37.89000000,37.94000000,37.87000000,37.94000000,223.89070000
2020-04-01 15:11:00,37.94000000,37.94000000,37.90000000,37.90000000,74.02437000
2020-04-01 15:12:00,37.91000000,37.93000000,37.89000000,37.93000000,328.79616000
2020-04-01 15:13:00,37.91000000,37.94000000,37.90000000,37.94000000,208.32761000
2020-04-01 15:14:00,37.93000000,37.95000000,37.91000000,37.92000000,132.30361000
2020-04-01 15:15:00,37.93000000,37.96000000,37.92000000,37.94000000,220.22279000
2020-04-01 15:16:00,37.94000000,37.95000000,37.91000000,37.91000000,73.14556000
2020-04-01 15:17:00,37.91000000,37.95000000,37.91000000,37.95000000,285.16334000
2020-04-01 15:18:00,37.94000000,37.96000000,37.91000000,37.92000000,29.18474000
2020-04-01 15:19:00,37.93000000,37.94000000,37.92000000,37.92000000,34.35511000
2020-04-01 15:20:00,37.92000000,37.93000000,37.90000000,37.93000000,634.51250000
2020-04-01 15:21:00,37.93000000,37.95000000,37.90000000,37.94000000,608.76397000
2020-04-01 15:22:00,37.93000000,37.95000000,37.91000000,37.93000000,148.12938000
2020-04-01 15:23:00,37.93000000,37.93000000,37.90000000,37.90000000,82.65117000
2020-04-01 15:24:00,37.90000000,37.90000000,37.86000000,37.88000000,231.91738000
2020-04-01 15:25:00,37.86000000,37.87000000,37.85000000,37.87000000,19.97889000
2020-04-01 15:26:00,37.86000000,37.86000000,37.83000000,37.84000000,80.14000000
2020-04-01 15:27:00,37.82000000,37.85000000,37.81000000,37.84000000,57.34988000
2020-04-01 15:28:00,37.84000000,37.84000000,37.82000000,37.84000000,288.24383000
2020-04-01 15:29:00,37.83000000,37.84000000,37.82000000,37.83000000,51.92220000
2020-04-01 15:30:00,37.83000000,37.87000000,37.81000000,37.87000000,708.38816000
2020-04-01 15:31:00,37.87000000,37.89000000,37.86000000,37.89000000,49.74410000
2020-04-01 15:32:00,37.89000000,37.90000000,37.86000000,37.87000000,127.57614000
2020-04-01 15:33:00,37.87000000,37.87000000,37.84000000,37.86000000,17.65257000
2020-04-01 15:34:00,37.86000000,37.89000000,37.85000000,37.89000000,107.49475000
2020-04-01 15:35:00,37.89000000,37.92000000,37.89000000,37.92000000,97.06839000
2020-04-01 15:36:00,37.92000000,37.93000000,37.90000000,37.90000000,23.39231000
2020-04-01 15:37:00,37.91000000,37.93000000,37.90000000,37.91000000,21.88005000
2020-04-01 15:38:00,37.92000000,37.93000000,37.88000000,37.89000000,34.22565000
2020-04-01 15:39:00,37.89000000,37.89000000,37.86000000,37.87000000,80.33538000
2020-04-01 15:40:00,37.86000000,37.88000000,37.83000000,37.85000000,453.23815000
2020-04-01 15:41:00,37.84000000,37.85000000,37.82000000,37.82000000,93.46009000
2020-04-01 15:42:00,37.84000000,37.86000000,37.84000000,37.85000000,136.36512000
2020-04-01 15:43:00,37.84000000,37.85000000,37.83000000,37.84000000,15.09695000
2020-04-01 15:44:00,37.84000000,37.87000000,37.84000000,37.84000000,11.46590000
2020-04-01 15:45:00,37.85000000,37.88000000,37.84000000,37.86000000,133.23644000
2020-04-01 15:46:00,37.86000000,37.86000000,37.82000000,37.82000000,191.27812000
2020-04-01 15:47:00,37.82000000,37.83000000,37.79000000,37.81000000,442.62755000
2020-04-01 15:48:00,37.81000000,37.85000000,37.80000000,37.84000000,80.02811000
2020-04-01 15:49:00,37.84000000,37.85000000,37.82000000,37.83000000,54.42027000
2020-04-01 15:50:00,37.83000000,37.86000000,37.83000000,37.85000000,7.37256000
2020-04-01 15:51:00,37.84000000,37.85000000,37.83000000,37.83000000,36.88154000
2020-04-01 15:52:00,37.82000000,37.84000000,37.82000000,37.82000000,63.44733000
2020-04-01 15:53:00,37.82000000,37.83000000,37.80000000,37.80000000,65.51723000
2020-04-01 15:54:00,37.81000000,37.83000000,37.80000000,37.83000000,48.55127000
2020-04-01 15:55:00,37.82000000,37.87000000,37.80000000,37.84000000,919.53463000
2020-04-01 15:56:00,37.84000000,37.86000000,37.83000000,37.83000000,96.28238000
2020-04-01 15:57:00,37.83000000,37.88000000,37.83000000,37.86000000,191.69916000
2020-04-01 15:58:00,37.86000000,37.88000000,37.86000000,37.86000000,5.26339000
2020-04-01 15:59:00,37.86000000,37.87000000,37.86000000,37.86000000,15.36600000
2020-04-01 16:00:00,37.86000000,37.86000000,37.77000000,37.77000000,861.53172000
2020-04-01 16:01:00,37.77000000,37.77000000,37.69000000,37.72000000,329.59750000
2020-04-01 16:02:00,37.72000000,37.72000000,37.41000000,37.47000000,4650.56891000
2020-04-01 16:03:00,37.50000000,37.51000000,37.14000000,37.43000000,12477.03553000
2020-04-01 16:04:00,37.44000000,37.44000000,37.35000000,37.42000000,1447.43868000
2020-04-01 16:05:00,37.42000000,37.47000000,37.40000000,37.47000000,336.64828000
2020-04-01 16:06:00,37.48000000,37.51000000,37.46000000,37.50000000,396.90385000
2020-04-01 16:07:00,37.49000000,37.49000000,37.42000000,37.46000000,265.04347000
2020-04-01 16:08:00,37.46000000,37.48000000,37.42000000,37.42000000,393.14856000
2020-04-01 16:09:00,37.44000000,37.46000000,37.41000000,37.45000000,134.78453000
2020-04-01 16:10:00,37.45000000,37.56000000,37.41000000,37.56000000,499.73503000
2020-04-01 16:11:00,37.54000000,37.60000000,37.54000000,37.60000000,602.05261000
2020-04-01 16:12:00,37.58000000,37.60000000,37.53000000,37.53000000,157.19633000
2020-04-01 16:13:00,37.53000000,37.55000000,37.50000000,37.54000000,356.10078000
2020-04-01 16:14:00,37.53000000,37.55000000,37.50000000,37.50000000,81.18431000
2020-04-01 16:15:00,37.50000000,37.51000000,37.45000000,37.45000000,216.27116000
2020-04-01 16:16:00,37.45000000,37.48000000,37.45000000,37.45000000,182.75557000
2020-04-01 16:17:00,37.46000000,37.48000000,37.44000000,37.45000000,71.63626000
2020-04-01 16:18:00,37.45000000,37.46000000,37.42000000,37.42000000,222.24333000
2020-04-01 16:19:00,37.42000000,37.43000000,37.32000000,37.36000000,540.84504000
2020-04-01 16:20:00,37.36000000,37.42000000,37.35000000,37.40000000,373.77314000
2020-04-01 16:21:00,37.40000000,37.47000000,37.39000000,37.47000000,351.05586000
2020-04-01 16:22:00,37.46000000,37.49000000,37.46000000,37.48000000,90.70827000
2020-04-01 16:23:00,37.49000000,37.52000000,37.46000000,37.50000000,195.84094000
2020-04-01 16:24:00,37.48000000,37.49000000,37.42000000,37.42000000,437.18318000
2020-04-01 16:25:00,37.42000000,37.48000000,37.41000000,37.46000000,116.52084000
2020-04-01 16:26:00,37.45000000,37.52000000,37.42000000,37.52000000,395.49813000
2020-04-01 16:27:00,37.52000000,37.52000000,37.41000000,37.48000000,543.57510000
2020-04-01 16:28:00,37.47000000,37.49000000,37.44000000,37.45000000,183.08730000
2020-04-01 16:29:00,37.44000000,37.48000000,37.43000000,37.46000000,156.22563000
2020-04-01 16:30:00,37.47000000,37.49000000,37.44000000,37.48000000,58.37856000
2020-04-01 16:31:00,37.47000000,37.55000000,37.46000000,37.55000000,509.62226000
2020-04-01 16:32:00,37.54000000,37.55000000,37.49000000,37.49000000,370.46175000
2020-04-01 16:33:00,37.51000000,37.53000000,37.50000000,37.52000000,74.40702000
2020-04-01 16:34:00,37.50000000,37.54000000,37.50000000,37.53000000,128.07914000
2020-04-01 16:35:00,37.54000000,37.55000000,37.51000000,37.51000000,34.58959000
2020-04-01 16:36:00,37.53000000,37.55000000,37.49000000,37.55000000,404.10472000
2020-04-01 16:37:00,37.54000000,37.56000000,37.53000000,37.53000000,20.41060000
2020-04-01 16:38:00,37.53000000,37.54000000,37.42000000,37.44000000,474.65438000
2020-04-01 16:39:00,37.44000000,37.48000000,37.37000000,37.38000000,251.87700000
2020-04-01 16:40:00,37.38000000,37.42000000,37.38000000,37.42000000,222.72148000
2020-04-01 16:41:00,37.42000000,37.45000000,37.39000000,37.40000000,348.22696000
2020-04-01 16:42:00,37.40000000,37.40000000,37.30000000,37.34000000,875.59556000
2020-04-01 16:43:00,37.32000000,37.34000000,37.29000000,37.33000000,105.47969000
2020-04-01 16:44:00,37.35000000,37.43000000,37.34000000,37.42000000,586.79166000
2020-04-01 16:45:00,37.42000000,37.42000000,37.36000000,37.40000000,159.25052000
2020-04-01 16:46:00,37.40000000,37.57000000,37.40000000,37.56000000,1522.36769000
2020-04-01 16:47:00,37.57000000,37.57000000,37.47000000,37.55000000,345.77531000
2020-04-01 16:48:00,37.54000000,37.54000000,37.51000000,37.52000000,108.11662000
2020-04-01 16:49:00,37.53000000,37.53000000,37.43000000,37.44000000,347.66081000
2020-04-01 16:50:00,37.43000000,37.44000000,37.32000000,37.37000000,1020.60339000
2020-04-01 16:51:00,37.37000000,37.43000000,37.34000000,37.42000000,234.51178000
2020-04-01 16:52:00,37.42000000,37.43000000,37.39000000,37.41000000,98.90052000
2020-04-01 16:53:00,37.41000000,37.43000000,37.39000000,37.43000000,522.21640000
2020-04-01 16:54:00,37.43000000,37.50000000,37.43000000,37.46000000,278.36510000
2020-04-01 16:55:00,37.46000000,37.56000000,37.45000000,37.55000000,462.71261000
2020-04-01 16:56:00,37.56000000,37.60000000,37.52000000,37.56000000,1082.80300000
2020-04-01 16:57:00,37.54000000,37.54000000,37.50000000,37.52000000,163.18280000
2020-04-01 16:58:00,37.52000000,37.59000000,37.52000000,37.59000000,280.98901000
2020-04-01 16:59:00,37.56000000,37.59000000,37.51000000,37.51000000,84.84928000
2020-04-01 17:00:00,37.52000000,37.53000000,37.44000000,37.44000000,171.07864000
2020-04-01 17:01:00,37.46000000,37.52000000,37.43000000,37.52000000,224.34234000
2020-04-01 17:02:00,37.51000000,37.56000000,37.51000000,37.56000000,145.44888000
2020-04-01 17:03:00,37.57000000,37.60000000,37.57000000,37.57000000,343.71473000
2020-04-01 17:04:00,37.58000000,37.59000000,37.56000000,37.57000000,59.96490000
2020-04-01 17:05:00,37.57000000,37.58000000,37.57000000,37.57000000,7.51722000
2020-04-01 17:06:00,37.58000000,37.59000000,37.56000000,37.58000000,15.01795000
2020-04-01 17:07:00,37.59000000,37.59000000,37.57000000,37.57000000,18.95492000
2020-04-01 17:08:00,37.58000000,37.58000000,37.45000000,37.45000000,560.05663000
2020-04-01 17:09:00,37.46000000,37.46000000,37.41000000,37.43000000,339.76395000
2020-04-01 17:10:00,37.44000000,37.44000000,37.36000000,37.44000000,495.62890000
2020-04-01 17:11:00,37.44000000,37.46000000,37.41000000,37.44000000,141.08676000
2020-04-01 17:12:00,37.44000000,37.49000000,37.42000000,37.49000000,134.27223000
2020-04-01 17:13:00,37.48000000,37.52000000,37.47000000,37.52000000,122.76715000
2020-04-01 17:14:00,37.52000000,37.53000000,37.49000000,37.53000000,51.95707000
2020-04-01 17:15:00,37.52000000,37.52000000,37.47000000,37.48000000,169.22555000
2020-04-01 17:16:00,37.47000000,37.54000000,37.47000000,37.54000000,128.25842000
2020-04-01 17:17:00,37.53000000,37.56000000,37.53000000,37.56000000,23.14323000
2020-04-01 17:18:00,37.55000000,37.58000000,37.54000000,37.55000000,33.35459000
2020-04-01 17:19:00,37.54000000,37.55000000,37.49000000,37.53000000,276.11873000
2020-04-01 17:20:00,37.53000000,37.54000000,37.51000000,37.52000000,225.94449000
2020-04-01 17:21:00,37.51000000,37.54000000,37.51000000,37.54000000,55.83684000
2020-04-01 17:22:00,37.52000000,37.56000000,37.51000000,37.55000000,52.13991000
2020-04-01 17:23:00,37.55000000,37.57000000,37.51000000,37.57000000,447.96200000
2020-04-01 17:24:00,37.57000000,37.58000000,37.56000000,37.58000000,2.14369000
2020-04-01 17:25:00,37.55000000,37.57000000,37.53000000,37.56000000,71.34331000
2020-04-01 17:26:00,37.56000000,37.57000000,37.52000000,37.54000000,331.97540000
2020-04-01 17:27:00,37.52000000,37.54000000,37.49000000,37.54000000,234.29990000
2020-04-01 17:28:00,37.51000000,37.57000000,37.51000000,37.57000000,351.59305000
2020-04-01 17:29:00,37.56000000,37.57000000,37.55000000,37.56000000,20.82588000
2020-04-01 17:30:00,37.54000000,37.55000000,37.52000000,37.54000000,83.50642000
2020-04-01 17:31:00,37.54000000,37.56000000,37.52000000,37.53000000,48.60311000
2020-04-01 17:32:00,37.53000000,37.59000000,37.53000000,37.59000000,111.35646000
2020-04-01 17:33:00,37.59000000,37.59000000,37.53000000,37.57000000,170.06385000
2020-04-01 17:34:00,37.57000000,37.58000000,37.55000000,37.56000000,21.35385000
2020-04-01 17:35:00,37.55000000,37.60000000,37.55000000,37.57000000,28.07163000
2020-04-01 17:36:00,37.59000000,37.63000000,37.57000000,37.60000000,121.50170000
2020-04-01 17:37:00,37.61000000,37.61000000,37.58000000,37.61000000,367.60290000
2020-04-01 17:38:00,37.61000000,37.62000000,37.58000000,37.60000000,85.17557000
2020-04-01 17:39:00,37.60000000,37.61000000,37.57000000,37.58000000,112.54912000
2020-04-01 17:40:00,37.58000000,37.59000000,37.54000000,37.54000000,229.91252000
2020-04-01 17:41:00,37.54000000,37.55000000,37.51000000,37.54000000,299.32996000
2020-04-01 17:42:00,37.54000000,37.54000000,37.52000000,37.53000000,27.84062000
2020-04-01 17:43:00,37.53000000,37.53000000,37.49000000,37.51000000,273.40353000
2020-04-01 17:44:00,37.50000000,37.55000000,37.49000000,37.52000000,591.76934000
2020-04-01 17:45:00,37.51000000,37.53000000,37.46000000,37.47000000,155.74811000
2020-04-01 17:46:00,37.47000000,37.49000000,37.45000000,37.49000000,43.44794000
2020-04-01 17:47:00,37.48000000,37.48000000,37.45000000,37.45000000,272.56514000
2020-04-01 17:48:00,37.45000000,37.45000000,37.43000000,37.43000000,28.06990000
2020-04-01 17:49:00,37.44000000,37.44000000,37.42000000,37.42000000,79.17369000
2020-04-01 17:50:00,37.43000000,37.43000000,37.40000000,37.43000000,155.68366000
2020-04-01 17:51:00,37.41000000,37.42000000,37.40000000,37.42000000,62.34295000
2020-04-01 17:52:00,37.41000000,37.49000000,37.41000000,37.49000000,707.77267000
2020-04-01 17:53:00,37.47000000,37.48000000,37.44000000,37.44000000,17.08933000
2020-04-01 17:54:00,37.44000000,37.47000000,37.44000000,37.45000000,29.88569000
2020-04-01 17:55:00,37.45000000,37.48000000,37.45000000,37.46000000,38.72432000
2020-04-01 17:56:00,37.45000000,37.52000000,37.45000000,37.52000000,84.52948000
2020-04-01 17:57:00,37.51000000,37.55000000,37.51000000,37.52000000,32.48983000
2020-04-01 17:58:00,37.52000000,37.52000000,37.46000000,37.50000000,399.99040000
2020-04-01 17:59:00,37.50000000,37.50000000,37.48000000,37.49000000,23.36856000
2020-04-01 18:00:00,37.48000000,37.50000000,37.46000000,37.47000000,174.30048000
2020-04-01 18:01:00,37.46000000,37.48000000,37.44000000,37.44000000,184.20464000
2020-04-01 18:02:00,37.43000000,37.47000000,37.43000000,37.46000000,315.96045000
2020-04-01 18:03:00,37.46000000,37.48000000,37.45000000,37.48000000,288.10426000
2020-04-01 18:04:00,37.47000000,37.53000000,37.47000000,37.52000000,328.41165000
2020-04-01 18:05:00,37.54000000,37.55000000,37.52000000,37.55000000,22.97934000
2020-04-01 18:06:00,37.54000000,37.56000000,37.53000000,37.54000000,61.55489000
2020-04-01 18:07:00,37.51000000,37.55000000,37.51000000,37.53000000,48.72207000
2020-04-01 18:08:00,37.54000000,37.56000000,37.51000000,37.53000000,27.79499000
2020-04-01 18:09:00,37.52000000,37.53000000,37.49000000,37.50000000,106.66775000
2020-04-01 18:10:00,37.49000000,37.51000000,37.49000000,37.50000000,3.45270000
2020-04-01 18:11:00,37.51000000,37.58000000,37.48000000,37.55000000,488.52390000
2020-04-01 18:12:00,37.55000000,37.55000000,37.52000000,37.53000000,34.97761000
2020-04-01 18:13:00,37.53000000,37.55000000,37.53000000,37.55000000,64.02026000
2020-04-01 18:14:00,37.52000000,37.56000000,37.51000000,37.56000000,742.31131000
2020-04-01 18:15:00,37.55000000,37.57000000,37.54000000,37.56000000,32.81910000
2020-04-01 18:16:00,37.55000000,37.56000000,37.53000000,37.55000000,139.65924000
2020-04-01 18:17:00,37.52000000,37.54000000,37.49000000,37.50000000,277.32747000
2020-04-01 18:18:00,37.51000000,37.51000000,37.49000000,37.51000000,190.95014000
2020-04-01 18:19:00,37.51000000,37.53000000,37.48000000,37.49000000,57.87453000
2020-04-01 18:20:00,37.50000000,37.53000000,37.49000000,37.51000000,81.01723000
2020-04-01 18:21:00,37.51000000,37.54000000,37.49000000,37.54000000,32.69600000
2020-04-01 18:22:00,37.54000000,37.54000000,37.50000000,37.51000000,58.94145000
2020-04-01 18:23:00,37.52000000,37.55000000,37.52000000,37.53000000,41.65595000
2020-04-01 18:24:00,37.53000000,37.53000000,37.48000000,37.49000000,185.39289000
2020-04-01 18:25:00,37.49000000,37.52000000,37.48000000,37.49000000,93.63394000
2020-04-01 18:26:00,37.50000000,37.51000000,37.48000000,37.50000000,20.81537000
2020-04-01 18:27:00,37.50000000,37.50000000,37.47000000,37.47000000,10.76983000
2020-04-01 18:28:00,37.49000000,37.53000000,37.48000000,37.52000000,117.97772000
2020-04-01 18:29:00,37.54000000,37.56000000,37.53000000,37.56000000,12.96842000
2020-04-01 18:30:00,37.53000000,37.55000000,37.53000000,37.53000000,8.00216000
2020-04-01 18:31:00,37.52000000,37.55000000,37.51000000,37.52000000,131.01728000
2020-04-01 18:32:00,37.51000000,37.52000000,37.48000000,37.48000000,1184.94572000
2020-04-01 18:33:00,37.49000000,37.49000000,37.47000000,37.47000000,45.05082000
2020-04-01 18:34:00,37.47000000,37.52000000,37.47000000,37.52000000,85.93750000
2020-04-01 18:35:00,37.51000000,37.60000000,37.51000000,37.56000000,1476.91145000
2020-04-01 18:36:00,37.55000000,37.60000000,37.55000000,37.60000000,120.14420000
2020-04-01 18:37:00,37.60000000,37.60000000,37.60000000,37.60000000,12.43583000
2020-04-01 18:38:00,37.60000000,37.62000000,37.59000000,37.60000000,141.34268000
2020-04-01 18:39:00,37.63000000,37.65000000,37.60000000,37.62000000,57.31459000
2020-04-01 18:40:00,37.63000000,37.63000000,37.59000000,37.59000000,13.01789000
2020-04-01 18:41:00,37.58000000,37.58000000,37.56000000,37.56000000,198.38577000
2020-04-01 18:42:00,37.57000000,37.61000000,37.55000000,37.55000000,184.29000000
2020-04-01 18:43:00,37.55000000,37.56000000,37.50000000,37.51000000,58.47100000
2020-04-01 18:44:00,37.50000000,37.53000000,37.50000000,37.50000000,49.81862000
2020-04-01 18:45:00,37.50000000,37.50000000,37.44000000,37.47000000,469.87541000
2020-04-01 18:46:00,37.47000000,37.48000000,37.43000000,37.47000000,99.02672000
2020-04-01 18:47:00,37.46000000,37.47000000,37.44000000,37.47000000,40.53837000
2020-04-01 18:48:00,37.47000000,37.48000000,37.46000000,37.47000000,14.05804000
2020-04-01 18:49:00,37.47000000,37.49000000,37.45000000,37.47000000,30.76096000
2020-04-01 18:50:00,37.47000000,37.48000000,37.46000000,37.47000000,61.06879000
2020-04-01 18:51:00,37.47000000,37.52000000,37.47000000,37.51000000,365.57530000
2020-04-01 18:52:00,37.50000000,37.52000000,37.50000000,37.51000000,21.14653000
2020-04-01 18:53:00,37.50000000,37.50000000,37.48000000,37.48000000,23.79026000
2020-04-01 18:54:00,37.48000000,37.48000000,37.46000000,37.48000000,6.78957000
2020-04-01 18:55:00,37.48000000,37.48000000,37.41000000,37.44000000,616.63238000
2020-04-01 18:56:00,37.44000000,37.44000000,37.42000000,37.43000000,8.82376000
2020-04-01 18:57:00,37.42000000,37.50000000,37.42000000,37.46000000,614.85645000
2020-04-01 18:58:00,37.46000000,37.49000000,37.44000000,37.48000000,46.96132000
2020-04-01 18:59:00,37.46000000,37.47000000,37.44000000,37.44000000,72.95931000
2020-04-01 19:00:00,37.45000000,37.47000000,37.44000000,37.47000000,193.75381000
2020-04-01 19:01:00,37.47000000,37.48000000,37.44000000,37.46000000,125.60661000
2020-04-01 19:02:00,37.45000000,37.45000000,37.41000000,37.41000000,85.81318000
2020-04-01 19:03:00,37.41000000,37.44000000,37.40000000,37.44000000,21.06882000
2020-04-01 19:04:00,37.44000000,37.44000000,37.41000000,37.43000000,50.38949000
2020-04-01 19:05:00,37.42000000,37.47000000,37.42000000,37.46000000,164.59790000
2020-04-01 19:06:00,37.45000000,37.46000000,37.44000000,37.45000000,12.06512000
2020-04-01 19:07:00,37.45000000,37.45000000,37.42000000,37.45000000,19.86134000
2020-04-01 19:08:00,37.43000000,37.44000000,37.40000000,37.43000000,99.39063000
2020-04-01 19:09:00,37.43000000,37.44000000,37.42000000,37.43000000,33.45192000
2020-04-01 19:10:00,37.44000000,37.45000000,37.39000000,37.39000000,129.78185000
2020-04-01 19:11:00,37.40000000,37.42000000,37.40000000,37.41000000,107.65166000
2020-04-01 19:12:00,37.42000000,37.43000000,37.41000000,37.41000000,62.48164000
2020-04-01 19:13:00,37.42000000,37.43000000,37.39000000,37.39000000,182.61599000
2020-04-01 19:14:00,37.39000000,37.43000000,37.39000000,37.42000000,59.31028000
2020-04-01 19:15:00,37.43000000,37.43000000,37.35000000,37.39000000,521.30212000
2020-04-01 19:16:00,37.37000000,37.43000000,37.37000000,37.43000000,292.45700000
2020-04-01 19:17:00,37.43000000,37.43000000,37.40000000,37.43000000,83.54928000
2020-04-01 19:18:00,37.43000000,37.46000000,37.41000000,37.42000000,230.15288000
2020-04-01 19:19:00,37.42000000,37.44000000,37.41000000,37.44000000,5.53462000
2020-04-01 19:20:00,37.43000000,37.43000000,37.36000000,37.38000000,214.62068000
2020-04-01 19:21:00,37.36000000,37.42000000,37.35000000,37.41000000,285.31437000
2020-04-01 19:22:00,37.41000000,37.41000000,37.38000000,37.38000000,128.86381000
2020-04-01 19:23:00,37.38000000,37.38000000,37.35000000,37.37000000,57.69718000
2020-04-01 19:24:00,37.36000000,37.36000000,37.32000000,37.33000000,50.75008000
2020-04-01 19:25:00,37.35000000,37.37000000,37.34000000,37.36000000,54.56515000
2020-04-01 19:26:00,37.36000000,37.40000000,37.34000000,37.39000000,357.87652000
2020-04-01 19:27:00,37.38000000,37.41000000,37.36000000,37.36000000,41.64309000
2020-04-01 19:28:00,37.37000000,37.38000000,37.34000000,37.36000000,99.00580000
2020-04-01 19:29:00,37.37000000,37.41000000,37.37000000,37.39000000,309.94555000
2020-04-01 19:30:00,37.41000000,37.50000000,37.39000000,37.49000000,400.21410000
2020-04-01 19:31:00,37.49000000,37.54000000,37.48000000,37.54000000,209.87307000
2020-04-01 19:32:00,37.54000000,37.56000000,37.52000000,37.55000000,111.60620000
2020-04-01 19:33:00,37.56000000,37.58000000,37.55000000,37.57000000,211.68018000
2020-04-01 19:34:00,37.54000000,37.59000000,37.52000000,37.56000000,159.61944000
2020-04-01 19:35:00,37.58000000,37.58000000,37.53000000,37.54000000,64.13412000
2020-04-01 19:36:00,37.55000000,37.55000000,37.54000000,37.54000000,4.23264000
2020-04-01 19:37:00,37.53000000,37.55000000,37.51000000,37.54000000,145.77329000
2020-04-01 19:38:00,37.54000000,37.54000000,37.43000000,37.45000000,668.73074000
2020-04-01 19:39:00,37.43000000,37.45000000,37.35000000,37.35000000,534.49510000
2020-04-01 19:40:00,37.35000000,37.38000000,37.33000000,37.38000000,510.74681000
2020-04-01 19:41:00,37.38000000,37.44000000,37.37000000,37.42000000,324.23185000
2020-04-01 19:42:00,37.42000000,37.47000000,37.42000000,37.45000000,276.77823000
2020-04-01 19:43:00,37.46000000,37.52000000,37.46000000,37.47000000,987.04248000
2020-04-01 19:44:00,37.47000000,37.51000000,37.46000000,37.49000000,24.19908000
2020-04-01 19:45:00,37.51000000,37.60000000,37.51000000,37.57000000,399.18215000
2020-04-01 19:46:00,37.54000000,37.54000000,37.52000000,37.53000000,49.59008000
2020-04-01 19:47:00,37.51000000,37.55000000,37.51000000,37.51000000,17.58049000
2020-04-01 19:48:00,37.52000000,37.57000000,37.51000000,37.56000000,74.84219000
2020-04-01 19:49:00,37.57000000,37.58000000,37.56000000,37.57000000,59.35588000
2020-04-01 19:50:00,37.56000000,37.56000000,37.48000000,37.50000000,510.33102000
2020-04-01 19:51:00,37.50000000,37.56000000,37.50000000,37.56000000,97.30752000
2020-04-01 19:52:00,37.53000000,37.57000000,37.50000000,37.52000000,180.15147000
2020-04-01 19:53:00,37.50000000,37.57000000,37.50000000,37.53000000,185.02728000
2020-04-01 19:54:00,37.54000000,37.55000000,37.52000000,37.54000000,16.89307000
2020-04-01 19:55:00,37.55000000,37.58000000,37.55000000,37.56000000,190.30756000
2020-04-01 19:56:00,37.58000000,37.59000000,37.52000000,37.52000000,106.83566000
2020-04-01 19:57:00,37.51000000,37.51000000,37.47000000,37.50000000,314.31186000
2020-04-01 19:58:00,37.48000000,37.51000000,37.47000000,37.51000000,75.49127000
2020-04-01 19:59:00,37.51000000,37.54000000,37.49000000,37.52000000,96.66203000
2020-04-01 20:00:00,37.50000000,37.51000000,37.44000000,37.46000000,43.61191000
2020-04-01 20:01:00,37.47000000,37.47000000,37.43000000,37.47000000,68.29022000
2020-04-01 20:02:00,37.46000000,37.49000000,37.46000000,37.46000000,44.38400000
2020-04-01 20:03:00,37.47000000,37.51000000,37.47000000,37.50000000,87.82316000
2020-04-01 20:04:00,37.50000000,37.60000000,37.49000000,37.60000000,442.38310000
2020-04-01 20:05:00,37.58000000,37.60000000,37.56000000,37.56000000,244.00815000
2020-04-01 20:06:00,37.56000000,37.58000000,37.53000000,37.55000000,225.32210000
2020-04-01 20:07:00,37.54000000,37.58000000,37.53000000,37.55000000,186.60954000
2020-04-01 20:08:00,37.52000000,37.56000000,37.52000000,37.55000000,27.00187000
2020-04-01 20:09:00,37.55000000,37.57000000,37.53000000,37.57000000,158.48768000
2020-04-01 20:10:00,37.56000000,37.57000000,37.54000000,37.55000000,88.57349000
2020-04-01 20:11:00,37.55000000,37.57000000,37.55000000,37.55000000,34.28034000
2020-04-01 20:12:00,37.58000000,37.59000000,37.55000000,37.59000000,122.32910000
2020-04-01 20:13:00,37.59000000,37.59000000,37.51000000,37.54000000,322.12823000
2020-04-01 20:14:00,37.54000000,37.56000000,37.50000000,37.53000000,238.88385000
2020-04-01 20:15:00,37.52000000,37.58000000,37.52000000,37.57000000,93.26000000
2020-04-01 20:16:00,37.57000000,37.59000000,37.54000000,37.57000000,52.66007000
2020-04-01 20:17:00,37.54000000,37.56000000,37.51000000,37.51000000,50.73552000
2020-04-01 20:18:00,37.53000000,37.57000000,37.51000000,37.54000000,80.81387000
2020-04-01 20:19:00,37.56000000,37.58000000,37.55000000,37.58000000,131.57870000
2020-04-01 20:20:00,37.58000000,37.63000000,37.58000000,37.62000000,324.00806000
2020-04-01 20:21:00,37.63000000,37.67000000,37.60000000,37.62000000,310.54186000
2020-04-01 20:22:00,37.65000000,37.68000000,37.64000000,37.66000000,179.03727000
2020-04-01 20:23:00,37.67000000,37.70000000,37.66000000,37.66000000,303.92398000
2020-04-01 20:24:00,37.66000000,37.72000000,37.65000000,37.72000000,404.33199000
2020-04-01 20:25:00,37.70000000,37.81000000,37.70000000,37.78000000,1431.16150000
2020-04-01 20:26:00,37.78000000,37.79000000,37.72000000,37.78000000,392.98515000
2020-04-01 20:27:00,37.78000000,37.80000000,37.73000000,37.74000000,326.56267000
2020-04-01 20:28:00,37.74000000,37.76000000,37.72000000,37.75000000,136.43395000
2020-04-01 20:29:00,37.76000000,37.78000000,37.73000000,37.75000000,204.61998000
2020-04-01 20:30:00,37.74000000,37.82000000,37.74000000,37.79000000,205.03392000
2020-04-01 20:31:00,37.79000000,37.80000000,37.75000000,37.77000000,372.41209000
2020-04-01 20:32:00,37.76000000,37.80000000,37.76000000,37.80000000,168.06498000
2020-04-01 20:33:00,37.78000000,37.84000000,37.76000000,37.76000000,145.88904000
2020-04-01 20:34:00,37.76000000,37.78000000,37.75000000,37.77000000,176.86468000
2020-04-01 20:35:00,37.77000000,38.00000000,37.77000000,37.99000000,816.61027000
2020-04-01 20:36:00,37.99000000,38.02000000,37.91000000,37.97000000,1096.72217000
2020-04-01 20:37:00,37.96000000,37.98000000,37.93000000,37.95000000,255.97485000
2020-04-01 20:38:00,37.95000000,37.95000000,37.88000000,37.88000000,485.17924000
2020-04-01 20:39:00,37.89000000,37.89000000,37.85000000,37.87000000,221.62921000
2020-04-01 20:40:00,37.87000000,37.90000000,37.85000000,37.89000000,176.00849000
2020-04-01 20:41:00,37.87000000,37.89000000,37.85000000,37.89000000,359.27692000
2020-04-01 20:42:00,37.91000000,37.94000000,37.91000000,37.92000000,183.90271000
2020-04-01 20:43:00,37.91000000,37.97000000,37.91000000,37.97000000,223.12908000
2020-04-01 20:44:00,37.98000000,38.03000000,37.97000000,37.97000000,432.90595000
2020-04-01 20:45:00,38.00000000,38.05000000,37.98000000,38.05000000,287.98983000
2020-04-01 20:46:00,38.03000000,38.19000000,38.01000000,38.14000000,1670.20930000
2020-04-01 20:47:00,38.11000000,38.16000000,38.00000000,38.02000000,1189.13512000
2020-04-01 20:48:00,38.03000000,38.12000000,38.03000000,38.07000000,1134.68748000
2020-04-01 20:49:00,38.05000000,38.07000000,38.01000000,38.03000000,348.58730000
2020-04-01 20:50:00,38.02000000,38.02000000,37.96000000,37.98000000,490.64575000
2020-04-01 20:51:00,37.95000000,37.99000000,37.93000000,37.97000000,539.40329000
2020-04-01 20:52:00,37.95000000,38.01000000,37.92000000,37.95000000,942.08935000
2020-04-01 20:53:00,37.93000000,38.02000000,37.92000000,38.01000000,438.95629000
2020-04-01 20:54:00,38.01000000,38.02000000,37.97000000,37.98000000,471.01808000
2020-04-01 20:55:00,37.98000000,38.01000000,37.97000000,38.00000000,198.60376000
2020-04-01 20:56:00,38.01000000,38.03000000,37.97000000,38.01000000,411.38165000
2020-04-01 20:57:00,38.01000000,38.05000000,37.98000000,38.00000000,577.35231000
2020-04-01 20:58:00,38.00000000,38.02000000,37.94000000,37.96000000,788.33902000
2020-04-01 20:59:00,37.96000000,37.97000000,37.89000000,37.91000000,1420.76116000
2020-04-01 21:00:00,37.92000000,37.99000000,37.90000000,37.96000000,716.17097000
2020-04-01 21:01:00,37.97000000,38.00000000,37.96000000,38.00000000,222.45904000
2020-04-01 21:02:00,38.00000000,38.01000000,37.98000000,37.99000000,34.23335000
2020-04-01 21:03:00,38.00000000,38.10000000,38.00000000,38.10000000,569.51863000
2020-04-01 21:04:00,38.09000000,38.24000000,38.07000000,38.20000000,579.41338000
2020-04-01 21:05:00,38.16000000,38.38000000,38.14000000,38.38000000,2529.27933000
2020-04-01 21:06:00,38.38000000,38.70000000,38.36000000,38.50000000,6197.27883000
2020-04-01 21:07:00,38.50000000,38.56000000,38.42000000,38.43000000,823.49831000
2020-04-01 21:08:00,38.43000000,38.44000000,38.37000000,38.37000000,315.39037000
2020-04-01 21:09:00,38.38000000,38.45000000,38.38000000,38.40000000,241.21203000
2020-04-01 21:10:00,38.41000000,38.46000000,38.40000000,38.44000000,269.40576000
2020-04-01 21:11:00,38.44000000,38.46000000,38.42000000,38.43000000,265.56593000
2020-04-01 21:12:00,38.43000000,38.44000000,38.41000000,38.43000000,342.38305000
2020-04-01 21:13:00,38.43000000,38.46000000,38.39000000,38.40000000,488.24635000
2020-04-01 21:14:00,38.40000000,38.40000000,38.38000000,38.40000000,474.26632000
2020-04-01 21:15:00,38.39000000,38.47000000,38.39000000,38.47000000,513.79868000
2020-04-01 21:16:00,38.46000000,38.47000000,38.42000000,38.42000000,427.22124000
2020-04-01 21:17:00,38.42000000,38.44000000,38.36000000,38.37000000,395.95505000
2020-04-01 21:18:00,38.36000000,38.37000000,38.28000000,38.29000000,163.63721000
2020-04-01 21:19:00,38.29000000,38.31000000,38.28000000,38.31000000,75.94852000
2020-04-01 21:20:00,38.31000000,38.36000000,38.31000000,38.32000000,434.18688000
2020-04-01 21:21:00,38.32000000,38.34000000,38.31000000,38.33000000,128.42655000
2020-04-01 21:22:00,38.32000000,38.37000000,38.32000000,38.34000000,165.90425000
2020-04-01 21:23:00,38.36000000,38.37000000,38.31000000,38.32000000,123.58676000
2020-04-01 21:24:00,38.32000000,38.32000000,38.29000000,38.30000000,289.28250000
2020-04-01 21:25:00,38.30000000,38.31000000,38.29000000,38.30000000,50.52699000
2020-04-01 21:26:00,38.33000000,38.34000000,38.31000000,38.33000000,194.72251000
2020-04-01 21:27:00,38.32000000,38.33000000,38.32000000,38.32000000,30.48170000
2020-04-01 21:28:00,38.32000000,38.32000000,38.31000000,38.31000000,70.38157000
2020-04-01 21:29:00,38.32000000,38.32000000,38.29000000,38.29000000,12.36432000
2020-04-01 21:30:00,38.31000000,38.32000000,38.29000000,38.31000000,90.70638000
2020-04-01 21:31:00,38.32000000,38.32000000,38.29000000,38.32000000,197.99130000
